phoB	argP	dnaA	recF	dnaN	nrdB	nrdR	fis	mtlR	marR	glcC	xylR	hupA	hupB	marA	rob	putA	soxS	soxR	gadX	marB	micF	nrdA	fumC	inaA	zwf	nfo	tolC	ygiA	ygiB	ygiC	acrB	acrA	sodA	pgm	rfaY	seqA	rfaZ	fpr	pqiB	pqiA	poxB	xylH	slp	dctR	xylF	xylG	mtlD	guaA	guaB	mtlA	tyrP	ptsG	gadC	gadB	galK	galT	galE	galM	mtr	yhiD	hdeB	hdeA	gadA	metU	aslB	thrT	pgi	proM	glnU	thrW	psiF	leuW	mazG	leuP	fldB	tufB	alaW	topA	trmA	ybaS	serT	ybjC	glnV	leuX	gyrB	argX	tyrT	glyT	metT	hisR	gltX	fldA	mltF	phnI	valY	aspV	phnK	phnC	phnD
0.03974356197232591	0.47704952592687705	-0.037681785508164874	0.1172228022460641	-0.6697526638780383	0.1167055481989159	0.3067386599723273	-0.11803142917112502	0.5215998760292611	0.1202021767605961	0.39217916585461904	-0.08032833461258573	0.23143723214091627	-0.18240243691827207	0.40210711838319885	-0.036927394102090796	-0.27752600467034405	0.2929565345769247	-0.09060030026712397	0.10621168938664839	-0.1681200745537343	0.15784172763196114	-0.09741812773128544	0.35950625802976083	0.09220751373054223	0.16807963517110197	0.10823526838123612	0.13597066662802068	0.018626845255655423	-0.41521310621347535	0.14860193475924346	0.059404030012923666	-0.10571806329625452	-0.09127250854823744	0.0786847698739742	-0.09790932582783568	-0.04559081529724979	-0.25319324841144225	-0.410725791493722	0.35540748641504466	-0.276670286188675	-0.21892360341759923	0.20097050344824804	0.16817966566288522	0.019361833594909308	-0.2379745250481114	0.24490361927464321	0.02101646598526681	-0.29118216313249	-0.46733963205733287	-0.12273111293115677	-0.34711476546746095	0.20208960921602445	0.04848732359474882	-0.09006743728779527	0.08639074111222524	0.07716649398562916	-0.6634117116449391	-0.32059735430466196	-0.30781651571561197	-0.4045186273802657	-0.6773398816607734	-0.2235463830677674	-0.2792897491226455	0.19054121280637545	-0.24999219273240045	0.0052881894317793054	0.18622519786963704	-0.009838533699625304	-0.003223990585029881	0.23604223448241582	-0.005761618563630875	-0.03942880024790051	-0.2232960872891098	-0.12405969408735805	0.3466902506280472	-0.0881995400826741	0.34508826913131996	-0.33149493602939145	-0.4766560959783306	0.14475322293375747	0.11099244646878287	0.12367210784739592	0.0812815400616832	0.40336895304631565	-0.3411267642653538	-0.10153835412913124	0.23600279929239903	0.37964641997342763	0.28827458136000744	-0.21438106606714433	-0.289384376808666	-0.002776949405932549	-0.02272476654626779	-0.1520822062740315	0.05188044048880897	-0.029763493271692722	0.458522210128094	0.03331285997637844	0.3587822646726995
-0.14238298202023347	0.14708178343745104	0.27074546606777816	-0.06869968427057731	-0.0824116526636243	-0.2806693554139426	-0.0092949513938091	-0.22199705603629954	0.5763691098163765	-0.005997838815921512	-0.5250234098161577	-0.09316230445955934	0.37389133082391435	-0.10795788975207428	0.02444745390428826	-0.2396597490327464	0.14586909744458657	0.16206946033425207	0.7934632078014119	0.07602723542094322	-0.14968237305975748	-0.3922028676183571	-0.021593047805016103	-0.2340213109536658	0.11703612393510991	-0.08881810555479663	0.15386077602478324	0.003640797169367528	0.05933779756791692	0.3775992416275237	0.3146703463954091	0.22428463167388302	-0.17740862711645145	0.40216461299477513	-0.08241519441413862	-0.14037291616372802	-0.06680704362995843	-0.02560133940816249	0.10462563075773884	-0.26396488535760965	0.6220080276718838	0.3695598561584801	0.3575641205499402	0.14688151782307135	-0.007624728932004733	0.10064998167906346	0.28464534069011244	0.21177275901510356	-0.24677958861460714	-0.35933824934795755	-0.07668917558018809	-0.4255737553041772	-0.16253741854800552	-0.18374571295651745	0.23208751149783202	-0.10304824571402303	0.11710442097641897	0.3582721669875972	0.17780153121551004	0.3351382707483534	-0.3313039905996104	0.2493064130067499	-0.244595498517431	-0.1506595215967979	0.010911613926734226	-0.11362397933010054	0.3944016985768192	-0.03035959900052109	0.3563625969769432	-0.629550843704447	-0.14103389585969583	-0.20046321176485632	-0.23436904029739833	0.12451451119683034	0.14777284036158483	-0.4347601961150781	-0.028379889880589898	0.015771692981205607	-0.10729836471283219	0.09934611724598429	-0.1848809697968975	-0.2356688320409883	0.15305309694206912	0.21806764653407987	0.057316854881419604	-0.4527398711867693	-0.10162542176455747	0.22872303961331555	0.03721699977029974	-0.29825812827392784	-0.16891496124223687	-0.028577998369471166	-0.058199587469752845	0.1797825565811041	-0.06812221503780329	0.3603552072227116	0.1607358412556069	-0.013720007825482874	-0.22808794641304678	-0.04958298772457669
0.2833468388998417	-0.1531065516644906	0.05625073128036704	0.03498373458028206	0.49187062659578784	0.18908113097734477	0.06712256848242604	-0.4363805940728808	0.1328389513069642	-0.004967775145950013	0.23749124699082366	0.1908435783441388	-0.42605260530006733	-0.26682025431698125	0.3558652166168249	-0.2142032018988175	0.14232283251620062	0.07697952494442928	-0.3817925713800076	0.43346690634602303	0.2623256307694801	-0.13599590431759861	0.5630036731078961	-0.2703892145691009	0.19123778491584847	-0.3462043661794244	0.031813045085356276	-0.2301706338177806	0.08299255927063144	-0.12227802894645304	0.06840532499280384	-0.012005490520391194	-0.03182224833836609	0.21987773151706325	-0.3786644648500167	-0.1547903309145483	0.02202150716537915	-0.39531093879110313	-0.16976938369040948	-0.20379639223098514	-0.3165293866046942	-0.26301695173378975	-0.02699630036293855	-0.08075632469465001	-0.1281133658973902	-0.05947472883617639	-0.08611129723530501	0.4117167505444173	-0.3048059712454049	-0.06439212188916273	-0.11961316279722532	0.046917826519075306	-0.17207846484176328	0.08165224598496879	-0.08775940491154205	0.2213076708573513	-0.21405827134792652	0.08127580153091088	0.18952543770452263	-0.47837016780897346	-0.21466378922483023	-0.4932200405035526	0.3070210962679047	-0.01930500314513904	-0.3976208527445451	0.5526012674816047	-0.4898601370784461	-0.2954784457682706	-0.054670492637939994	-0.7685615330503733	0.10130081259633326	-0.028714908026033877	-0.26242727244713515	-0.05360093076243536	0.24531971470712122	-0.1341911626081113	-0.12723547540526617	0.1798862900801198	0.14535687021575994	0.25512400677748237	-0.10477591842935789	0.08910980663513124	0.4537592946577079	-0.29605764557085196	0.3652401633759436	-0.12779812221021197	0.009028209028867851	-0.24469733064738095	-0.010569487823932572	-0.33316001024905595	-0.4770892341882308	0.02721281981706644	-0.11871352780670613	-0.06827044734025979	-0.4111703941611518	-0.027078306810250103	0.05418130513050948	0.022087593470851305	-0.1474082809839188	0.3280243102083437
0.030838959184269616	-0.05002042272298064	-0.8092603947895792	-0.5931077241498344	0.10197216091483143	-0.4114119483211144	-0.09882421394075862	0.17086645670601786	0.33943717345251995	0.5390914290114776	0.06317581419530004	-0.5452338063816511	-0.20667469232408847	0.3216013477856315	0.16851619463241552	-0.42191266382756326	0.2106882381158233	0.31497210161244876	0.31538051411574103	-0.02487579493848101	0.09432739711513526	-0.09931975768314552	-0.20766415976547234	0.36558784968231295	-0.26438496362623615	-0.0018578024021324308	-0.10355549696683676	0.1341642446972041	0.03980752315599338	-0.17601278712789817	0.1785757643928344	-0.18768651428625163	-0.02533424760492596	0.4189698623714373	-0.052307551483391064	-0.19004526396376173	0.30600493077042706	-0.10257604984498668	0.3673836241980752	0.05181425375646255	0.09886803223790315	0.19163436520066618	-0.1622428762739303	-0.09329115758200233	0.28706655715250207	-0.012182743096487692	0.07687143837950268	-0.4194859690130539	-0.3968759252654788	-0.03478809958556405	0.6018788979155434	-0.20596615937428162	0.21287144921270326	-0.12331870215889908	0.3852209747150155	-0.19586716882616356	-0.057924414098318715	-0.21821560292348047	0.2637884324661223	-0.31633694839402066	-0.058923095949648556	0.060896935552745134	0.3346465569534329	-0.35113910347348	-0.051100219640475335	-0.1965124084476989	-0.515233905538165	-0.009200955343386349	0.4458036739781631	0.28888616417788227	0.36294406350614233	-0.5303982846380076	-0.1286196707741826	-0.2426568133430902	0.015009068537419512	-0.008714093111081891	0.22552939717902942	0.09284670032037429	0.2587947120756648	0.454462630202666	-0.028850582867557876	-0.22459882154099287	-0.23143539172595476	0.14161539194142014	-0.2019848692338593	-0.16840314933115708	-0.12426893924512764	-0.2533196254307484	0.12542119069551338	0.2625765617527513	-0.3645264489660114	-0.37536994361328685	-0.12196629157499113	-0.042304828964962536	-0.2970741909600213	-0.2085834744951918	-0.06415477034853562	0.054908255428789986	0.18771302577826074	-0.2533208551726414
-0.390237125188337	0.00505572386955465	0.0570183816408108	0.005779077094689704	-0.1829004919965073	-0.18773993872458616	-0.07582997177631572	0.17722928861011114	0.42381517948166125	-0.010907954649753937	-0.2610022898355172	-0.23600984198636263	-0.3277453968783684	0.045898058818594746	0.019996706870127886	-0.20128688695849348	-0.2886129578075849	-0.22968947723872346	0.5437735562162055	0.06371195208806207	0.3990711446451052	-0.11865644882930385	0.26576017685493875	0.139474196646548	0.2248219488024942	-0.11799819836341943	-0.060880312833560046	0.23849463061721385	-0.557073461778392	-0.16709731245385265	0.11343721449764378	-0.11522656200741768	-0.05945944623803855	-0.20891327311330948	0.0022603754357237668	-0.39040264534106284	-0.06716149744263925	0.32482706703939973	0.04422144188837364	0.011786864229354585	-0.027434524773191492	-0.3003913615240275	0.1248675550404749	-0.22336250766318033	0.5029945180140828	0.3431785582126486	0.27003818994015194	0.013329505604558114	0.40288191363882564	-0.30124681003654585	-0.022265883507519384	0.22705610994968292	0.06186588526907467	-0.12907010586437956	-0.16199605777362297	-0.220349506284344	0.2817273720868054	0.1997135610182242	0.13094880762248204	0.04594942708683739	-0.14305968437985483	-0.2103745626766449	-0.3718816079476297	-0.12329974921808652	-0.26422382281390466	0.33430215766420734	0.209263340887333	0.8148768461376233	0.30330822020444453	-0.08172439486896586	-0.03595479694198564	0.21309549013054738	-0.21357595101177063	-0.18184192329646168	-0.15671675740479926	0.16146348620127102	-0.5069650288811535	-0.062236235778054885	-0.03839229926984615	-0.49553485286172816	-0.027858238382605725	0.24498588398166413	0.3201877799709918	-0.2948264244657851	0.26363527778357587	-0.06280968106238244	-0.015048699279375929	0.29176011728205237	-0.15229309282277828	0.1329592168771466	-0.26736822861249504	0.05635940772183256	0.30560638133048373	0.3407790634058836	0.4425080640117963	0.12823237625202558	0.2733994422120605	0.06541392021257383	0.10879388329046515	-0.15952637867799668
-0.13743240530759812	0.061911576104477985	0.35121554272449923	0.29040971008734245	0.286295092525093	-0.0213256992535415	0.5245049350189636	5.135334553576324E-4	0.15339885599363023	-0.27792593694383116	0.22062031359657353	0.3126356379503761	0.1210183545271181	-0.10550379510593913	-0.26243495812774625	-0.16815131899811514	0.0053140936233719285	0.037485860994300346	0.18048094793658345	0.10221470387519391	0.1511803495359432	0.22149917587136983	0.14500972138870294	-0.3603100123684991	0.23810276434656932	-0.23765380208317785	0.4138639425139817	0.10635742814819771	0.08091420033330601	-0.45214628775797966	0.08146941920326141	0.030503127174768805	0.32039750316754195	0.25199270901881715	-7.103096098733865E-4	0.06997238538096831	0.3745885644358361	-0.5030353138439407	0.4721339647463373	-0.2930717594225611	-0.19626837008212616	-0.186670104895433	0.11260956004094844	0.10481482554645469	-0.10539816425399083	-0.21248283229531298	-0.1673090076379982	0.2700323216037315	0.28250642508386875	0.12518028838782672	0.03351349754582841	-0.17661484709179426	0.027838631553689062	-0.06614148417680717	0.06657045001272725	-0.0314639291027532	-0.12853352655038103	0.16644011311056095	-0.16973957645987353	-0.013842621584846514	0.5530318606217466	0.17186363305383293	0.08665305692245386	-0.08106839118960289	-0.2737722441217337	-0.11389314853346645	0.23491880824274222	-0.11229339702034677	0.19655980120527616	0.13758310754025674	0.4547576327482339	-0.4265802448057469	-0.14947650503285845	-0.134278835597917	0.5218534458933273	-0.1008465922298094	0.4365707690386843	-0.08896983275900261	-0.21806696376550982	-0.3257383736921922	0.14887421199591583	0.01702785374812656	-0.29937627536553574	0.5302299290861063	0.06686367828350116	-0.3812237026962942	-0.3413570333322456	0.4612006576349755	-0.2662427200354104	-0.10950946718285705	-0.006723013978456412	-0.25648808213161467	0.015106792005686057	0.08973855119685745	-0.24909157697420442	0.18995934649465238	0.06967199724133838	0.09675575360225895	0.1578280943534748	-0.0913106741942502
-0.06266846912682603	-0.3541940746904677	0.32070904905743053	0.00597676265014327	0.11561159737959029	-0.19779932650335993	-0.3891405907801481	-0.23458627434975451	0.03692011451111796	-0.1802223041883368	0.23658882333343886	-0.0344490490523447	0.016737080639569517	0.24210532551589292	-0.22537575840175772	0.02720851049952984	-0.1101449571037095	0.39485242371832396	0.36283817434685794	0.2533015448283082	0.36898394585815303	0.3090268631477923	-0.14725404479769055	-0.22768148780284456	-0.137147928711399	-0.1967281271469452	7.622599608333238E-4	0.47817584167166277	0.21801453273101282	0.12065091334146971	-0.033007814416609126	0.17886590848095452	-0.385711854607569	-0.17212958492803104	-3.453906595579266E-4	0.18754435668305786	-4.2321439631378793E-4	-0.401807155572653	0.29651680927718965	0.3029503033079484	-0.612263763066678	-0.1286076864924222	0.05157912376266275	0.5627198158227833	0.06975682255463969	-0.1709279187545071	0.030867625804819374	0.04514886661255782	0.2534333033878989	-0.05487098860612828	-0.22978784110347578	-0.2309770140417491	-0.3006456393867493	-0.04362744794350733	0.4698145038996368	-0.0253352294471618	0.19161721693913492	-0.23876682503867058	0.08022106076857594	-0.6713531806015806	-0.07349333801290069	-0.4536168727618675	-0.24403172105026227	0.12125197962123292	0.060939009958265976	0.019014742335654096	-0.07858733935599162	-0.14604850377443648	-0.005756224708144405	0.04377880198468478	0.33518450993966054	0.21252371105867196	0.26377266742112937	-0.6448818231098302	-0.2599300371989031	0.022229446893199747	-0.20626507201517552	-0.16849802042591072	-0.40675912174806544	0.1482005062157597	0.4706509796422561	0.12952306108156256	0.12430683143552371	-0.11564325282667888	-0.02372506328695078	-0.04405056467002214	-0.30543845022238947	-0.09063280000367384	-0.027451525145832448	0.3471064390679983	0.20813343183683772	-0.0177858695840045	-0.007780098560665008	0.22596516139992537	-0.17905069331591222	0.2827128110646515	0.09718396728235401	-0.1302543025654071	-0.42128346605139827	0.3108287261161918
0.4206953182879969	-0.008860102846842702	-0.1101140031519914	-0.3404038097483775	-0.12137163537453	-0.07033978321204544	-0.43221483791442405	-0.3991144301801781	0.005058778367426229	0.13952690933351444	0.13637751380526203	0.07529923072492914	0.16421441730407793	-0.0171469632902682	0.06819631033911298	-0.4215166009043734	0.1127530303353725	0.12447736393106763	-0.23425930795195984	0.11595974760767186	-0.34757394309437556	0.04729622056150909	-0.16365245959684632	-0.6063546647203005	-0.138698430693184	0.0861445332365776	0.15732820984724605	0.2867385232460592	-0.13263876115698878	-0.20701465704034566	-0.10605422103672224	-0.07559930402154609	0.37154619052905913	-0.1849047689601204	0.26808557959703994	0.10320561132918775	-0.04794342975217	-0.13282527224229396	0.020975009715706747	0.0877543801629534	-0.3962760829104737	0.156860550776497	0.4533977729941992	0.11418523449145836	-0.08705107547064744	-0.2620205814391325	-0.2850190767063688	0.21615624868515276	-0.28580938817435386	-0.27958087382485053	0.17882602208960544	0.19157042181289408	-0.09115117007631018	0.041697033984863144	0.19882691266352195	-0.5529381175773344	-0.30191127160239206	0.21622878966304554	-0.17689654568580046	-0.1703129836232799	-0.04792736748090793	0.20769716550056894	-0.10860732393493208	-0.21113695956005576	0.4422866672593172	-0.08826154433238345	-0.35401128188047565	0.4583523919717774	-0.12427812769293137	-0.36187824356632203	-0.15675850037696687	-0.17058826350825002	-0.13724933500866598	-0.05987744237157105	0.10896804061347577	0.008865000403710051	-0.0023523838922965105	-0.28864937694773146	-0.2727109010492966	0.06905169653592244	0.09822261717306174	0.3302980919440728	-0.39829549272104126	0.17805225646146544	-0.2820297599696253	-0.06608052967418705	-0.12149324590743828	0.2137727647128285	-0.18270534979400357	-0.1767855892266194	-0.40541170109025654	-0.12009863101334546	-0.1894127003423755	0.1830047077039073	-0.7213691360621489	0.042660151921781186	0.10692633763894999	0.18287884044245858	0.2186353726592955	-0.4897652791243476
-0.2889300182450296	0.2930337637015682	-0.4393929510943002	0.07110492757613572	-0.011487566988131363	-0.0068291826734161575	-0.030467046474417527	-0.21885732979762995	0.05777108044578519	0.07871178988014656	-0.2347593208097955	-0.10873046528365907	0.29076827130267996	-0.09865031526765791	0.02087141629062916	0.3134687576361923	-0.0915706142796094	-0.004066726776626859	0.20013157536185072	0.15707976346203809	0.2627379907034612	0.04326533012945414	-0.32715984607648557	0.18531208255649378	-0.4961549061776427	-0.3078424580735167	-0.0645596819612363	0.003072662485462778	0.39844041569674243	-0.1762727480790386	-0.4154256331351277	0.0069190331620676985	-0.2337879160212836	0.3249832556966288	0.16622740255472734	0.5116076919295046	0.16952735514088677	-0.2052201989329394	0.1777466329772379	0.08012549387530586	0.21975188919043043	0.082313482557889	0.19512892640963792	-0.18459473866221168	-0.19704690522923263	0.1239445845208727	0.20898194709834533	-0.3106118090989615	-0.07671042175585382	0.12249194103243	0.09002710180415054	-0.4635313367514989	0.16662154344032948	-0.3388002189563488	-0.28823137912098074	-0.14104461148282402	0.1785214804022821	-0.06381006548706222	-0.023750345908123572	0.10105607865677017	0.40397316769935676	-0.3637482995420322	0.049515492983575896	0.1346429843205914	-0.020196194592991726	-0.08577909446610571	-0.15466955354550677	0.00508922874891841	0.028809240381305196	0.137193948195728	-0.027049508450813203	0.08366155981778862	0.2201497895956639	-0.028256320569217563	-0.23170650523795447	-0.11263513757056137	-0.420908318242848	-0.020206670036006263	-0.07433256480932927	0.3015051582789782	0.23717734219654932	0.0033372097964103078	-0.16896549417938192	0.17026082791074304	0.2672343885792208	0.23231766432056572	0.16136041867706144	0.04046924612688496	0.02522150939772519	0.16707975794733798	-0.19788979635589682	0.17849804954012585	-0.021213040386722542	0.03198623809025259	-0.4112835813130799	0.21503784637764833	0.08518082151839394	-0.08336256333859746	0.14298912414066983	-0.18093124345242342
0.24422435682640795	-0.26112559317938894	0.3463077873163747	-0.6264564680960665	0.24209764483540228	-0.18726795231163107	0.08732978474032958	0.07185633578973347	-0.007363486707795841	0.1029010069553901	0.059420960968341915	0.36984660611544007	0.25542742816686786	-0.011862579091566815	-0.11919745962934904	0.282438314503993	0.06564301535891191	-0.5973901535915613	-0.0119430813990463	-0.5082925657378405	0.040538476313091196	-0.1222170839328301	0.08699704116305257	0.09036271621898279	0.3000083654860285	-0.15956532440300678	0.27858885247576026	-0.42190504471932205	0.06767198166335851	-0.025244236883387876	0.17597264160575318	0.19381107427842445	-0.2697445782094228	-0.15451751115176512	0.32038956272976005	-0.3305623180895642	0.2514419942670496	0.48013664448529325	-0.2574875364953682	-0.5603254563460119	0.08977372937132187	0.22390114233629596	0.334206981464992	0.6132164862371294	-0.20420758338939599	-0.06516937299560531	-0.1504475310895167	-0.3336653084930728	0.28595621036353774	0.21085196602349723	0.38541668078047947	-0.26315407925142964	-0.08079580122585739	0.04717486996571395	-0.13585975935776537	0.18021378920802375	0.17359190214219902	-0.21778591052943483	0.2519137814060612	0.19532911554284602	-0.07486001144545196	-0.07175789521794648	-0.1045212967125423	0.08279423167221393	0.25090198490312393	-0.444448644043166	-0.09275476536115117	0.19038779066441494	-0.012740725477329724	0.2755591533801881	0.04798072083304164	-0.06886232165767202	-0.31286602696565424	-0.3429843308611868	0.06374431207713557	0.10497338123735876	0.27098705615488605	0.18742894353654974	0.18972633950561385	0.09123900657010435	0.07024501888779737	0.188389008150057	-0.18855274311988426	0.2721626940071922	-0.31170321385802335	0.13559892035994459	0.011530757475603573	0.1281653830326682	0.10773109457271683	0.16316877917154188	-0.03626733367210097	0.13229391697519713	0.20859846042064506	-0.029172895959125717	-0.49828099181493996	-0.0066656564025575704	0.24930621483575022	0.1439923209978354	-0.1315646769446445	0.2935934510685619
-0.04332570971892493	0.23604925136470037	-0.18959622598865494	-0.028228103888200115	-0.2835804954273285	0.013655050118129767	-0.32264084487257055	0.18563497281610927	-0.4361278469285883	0.013886224654304308	-0.197475119975809	-0.2710991932493727	-0.23365747710937065	0.20070427028404117	0.22686434800771102	0.25581441169148883	0.26696407182918763	0.2946914115295219	0.04395348055369928	0.08076895155553594	-0.056623383179393506	0.051913523632303456	-0.12174146526734535	-0.2189739883343109	-0.15977493374218724	0.13671924258033522	0.10734407561829382	-0.0018999565719944364	0.404544296739831	0.2747017333294756	-0.28251306715648694	-0.13482914546695565	-0.4680373466931139	0.34433576599208454	-0.15166947070562767	0.09833336539906617	0.36910983079797177	-0.41032750627050013	-0.2494867759577158	-0.1377619969237025	0.10657473761191306	-0.5863285996711057	0.052705345678823894	-0.48447417006293336	-0.20133583413856102	-0.5410074219755806	-0.10452899587875626	0.1265538701110698	-0.6110333306934778	0.15835877955752642	-0.10810817506868546	-0.411840755995013	-0.3069426213900892	0.20655528176657192	0.020293716050866866	-0.31869013264341606	0.43512619569675315	0.033368148700310074	0.3226009539972783	0.2753870046953939	-0.16699045429421724	0.29736576039953927	0.15764995051666778	0.03495187652013987	-0.32063621693455735	-0.18665433764698924	-0.2656462962691149	-0.1407456911738606	-0.16524114762960584	-0.1661095354522825	-0.13733457243226446	-0.26624452989763064	0.35907903156083015	0.6909992592662142	-0.13587736196281397	-0.3934990081543258	-0.21460643397908558	-0.29223973002158243	0.27889335243033275	0.029336793185200608	-0.5206848251764298	0.25351493349742715	-0.22425035440093366	-0.06081283815190158	0.02348910278672143	0.21202246811146	0.018656846492664005	-0.09573073165205331	0.26793026259473385	-0.17259112732958165	0.12321981978478637	-0.13882053945350017	0.35096480544289205	-0.5291381593392532	-0.17720499648135488	-0.2833221304004435	-0.1413682051226874	0.5446546693434857	-0.2058393323347904	0.05527381169327558
0.2421409536505166	0.38145672327071634	-0.19185535535026224	-0.3469835478114065	-0.21819538278348705	-0.029594289058609457	-0.3583152235564828	0.1345173496422304	-0.5845515694348957	-0.18702170502213594	-0.09379457151965002	0.1868620764068154	-0.06487093694337616	0.5293015792290763	-0.32360895612069407	-0.41673886824896883	-0.34121490758874284	-0.055409842219448904	0.5434910808663548	-0.297789254615628	-0.6021940915375047	0.4268992341424679	-0.18432648297181753	0.037673028505339164	0.12270026497091337	-0.08909009916868574	-0.23509766162338894	1.0349738577730565	0.10075238041963254	0.6388662278131283	0.4354203403307552	0.19787393946185952	0.514011967336634	-0.6310553470426219	-0.25208289410895385	0.09725390553734443	0.4174236357752237	0.3794937190335796	0.28726061045584944	-0.46393824783005116	0.05768602923493883	0.33924371181545504	0.07886058675189009	-0.37665467003168557	-0.11259304772613782	0.19259260077286605	-0.09539804028340916	-0.4494125519862397	0.25943710342038956	-0.03424255776347238	-0.18601464984264982	-0.06270219285744352	-0.3110250282842893	-0.2926136830914143	0.047623046049581626	0.025922693702507008	-0.10045400000245844	-0.010680573079543017	0.3024535286876109	0.14654874591478492	0.01855686164070452	0.06590934290128392	-0.15407736086528312	-0.2486099695553652	-0.15754141941171612	0.13102161386698172	-0.04163851317999198	-0.4203316019127955	-0.03972191002911126	-0.41131126437672483	-0.05116412522861463	0.2002479677901848	-0.4255923057447054	0.11172014788609093	0.021495281141601617	0.34246969317583276	0.49670067497004355	-0.10836824056742259	-0.07107984292027013	-0.06847937236974982	0.3507085462439462	0.13686717618662098	-0.03268459866965616	-0.08516693274541887	0.0196493860758781	0.1184608744234675	0.06470903079993584	-0.02360035297906279	0.024699451142675993	0.18980795561689948	0.08928009902827726	-0.3390728963960351	0.25221473203980205	0.1842930459897516	0.24689284336137532	0.005987552780711367	-0.3013336921347481	0.2726929830100066	-0.18383961096098358	0.10501919593087014
-0.15453972017533846	-0.2722993246052362	-0.32784552732278754	0.24148382946325203	0.05051903366412845	0.1250232851876048	-0.11477773908435153	-0.15961387691084883	0.3923125100962331	0.12525655798448407	0.05075907464862244	0.2009640003199197	-0.22836624211911738	0.009872895409667232	-0.44685271981269825	-0.3769966677045559	0.15942684855719863	-0.021637127679469934	-0.2912354387615412	-0.14341273157981949	-0.2583336941434533	-0.197199733287367	0.09391864404333566	0.3466751614484067	-0.12098824234527572	-0.7155597170431833	-0.1257803090693167	0.1018054862481215	-0.059937851732690596	0.17925847390035546	-0.14101665342197364	0.2079659306585845	0.20636769712812958	0.175965092079773	-0.5445004940339475	0.16691819508957081	-0.03859464643682621	0.3997689342013788	-0.4268961817262244	-0.16547845880139445	-0.30990838791095976	0.07853609268072863	-0.37240972755127877	-0.2933006915224031	-0.7066863932198254	0.07063673550648897	0.05920393528773162	-0.368489008824555	-0.06301387929531531	-0.13054680859432655	-0.2936698950853132	-0.3372190406033147	0.31421614152381155	-0.5632079307010429	-0.008747467255292456	-0.5209225660053821	0.15468061196459007	0.36044290926687006	0.08674783179141654	0.02299851825171022	0.15002618247344682	-0.26293333487423587	-0.20777587409761675	-0.18003154939860302	0.1383868739288594	-0.30443170144419085	0.12895962403071712	0.4050280912255554	-0.03203220463613624	-0.09682664385403648	0.3477341332581011	-0.11143054179321457	-0.18582299368547206	-0.06274761919649993	-0.21114096975751423	-0.07802373168711935	0.09343791515577837	0.023672885042713546	-0.3861490409953809	-0.08647275442360021	0.5319842046789914	0.15249772665403252	0.19430894018552666	0.23681287899296974	0.4077598079706484	0.10686905210133116	0.004119083454919244	-0.034037501915260886	-0.18602948280155482	0.10900841051575588	-0.3898304818806687	-0.03807341089680055	-0.22098304512327724	-0.036036315717528494	0.18057477209438527	-0.14142001144728503	-0.17150397967108397	0.27458263927064414	-0.18972258192643157	-0.10930999143373825
0.1817780419233383	-0.1023694720345871	-0.04058924225927445	-0.022632657670320154	0.25743792629892476	-0.5601455420766893	0.19900909771655084	-0.3050252098476256	0.10015404709827536	0.1490561080362908	-0.43756591341515416	-0.18043696450751062	-0.5790787104999573	0.2575835955017828	0.017778425289415548	0.10172263252872327	-0.25476522614497543	-0.28894241182948804	-0.24535963178861506	0.39636472652760313	0.04593325994017085	-0.013949921538664157	-0.34838969573011286	0.28719689466881654	0.2782173046335805	0.1581901891573201	-0.363731161457077	-0.20612096121968418	-0.06263010379743213	-0.23965805034900237	-0.14121757146771388	0.34219394171265477	-0.3005035189630752	0.13714059766503095	-0.052274573243825895	-0.3191592356653564	-0.33070873929913486	-0.18486964105600082	-0.3224812886746591	-0.1951959047429381	-0.07121359105903596	-0.12428599408819821	0.16582360945931301	-0.1494739276584728	-0.07347084722451287	-0.09136802107909107	-0.16860446503254847	-0.0015410197149609674	-0.263175395891983	-0.22962173220942533	-0.035309028707511014	-0.2765839219171414	-0.07102358024267034	0.1512906219357922	0.08319174556428723	0.31048823419838645	0.22307693396750664	-0.05561068637991989	0.2085837618461043	-0.30861885855166765	0.07804165444545608	-0.06435127640882837	-0.09475606513351317	0.37647962332721874	-0.3572959760378601	-0.143679022393867	0.19945185210180288	0.06276811308876117	-0.08225155787695176	-0.17607073823450692	0.3033709768637817	0.04989245165391358	-0.03624031432278932	-0.08264263445673468	-0.04871383942868864	-0.22031186268338881	0.294806576968934	-0.0026942411565842304	-0.05289684337035789	-0.12070893298132067	-0.017944752770144956	-0.153426281323462	0.18766258378640496	-0.02674300322256257	-0.3140611049652919	0.2075121542977267	0.0691317603060711	0.3412614483946839	-0.21638042204807056	0.18579485666854872	0.017502853265617208	0.13837164459618964	0.38382842764626107	0.13709361228376782	-0.07951366894357037	-0.17464219519305835	-0.04732342439375434	0.048172074682484314	-0.04261373170872363	-0.27063990368104257
-0.0012340635405640628	0.3994856945526524	0.22145773285262493	-0.11113504090875961	-0.45527045253540666	-0.09564953103267572	0.028997539503723427	0.16220146977001176	-0.08120109062335754	0.03672468539497827	-0.02128853382461623	0.010459942538630666	-0.5486722712693527	0.1595296723664093	0.3922292877093346	0.10994280065215847	-0.15229980643286614	-0.39497684636455604	0.279453500391	0.2739305629920737	-0.1600262889005244	0.2989477637574452	-0.15560710326433827	-0.09099068445795509	0.386744626297096	0.23206645390569103	0.057683349855419515	0.19504046668140018	0.17917221889085277	-0.3575745993053436	0.333606484796762	0.06668088600452592	-0.21901121314922586	-0.14705942846192396	-0.00745239642547568	-0.6456413954884118	6.48230986238369E-4	-0.17364922828751392	-0.19146965470916713	-0.3629106715957405	-0.12229259418570235	0.015280354169804002	0.11780157393243798	-0.23371630497223495	-0.14718865635871353	-0.12644797970870764	0.08737832801908481	0.3132969025009118	0.003843212396519726	0.27272430266946834	0.05149858756009615	0.08168998045185215	-0.21004982388266935	-0.08694351897743462	-0.242294359961363	0.11883778002163811	-0.24560503640043352	0.2990010855031684	0.16422663341362195	0.04718077810186905	0.208840362719192	0.10020139428693853	0.08652012929069243	-0.12775878526598974	-0.12318152584232704	-0.04423614941989591	-0.08057090902540413	0.058416320593257076	-0.19798153611418862	0.2164813581815182	-0.11260576080059209	0.5027720248648189	-0.09629364303593176	0.05963320523367328	-0.20021522777233497	-0.5282518048116694	0.021845373634035967	0.33314123965413484	0.08708750944160587	0.008521949667180813	0.40378597815232736	0.5048017721818723	0.21670103076573455	0.14455185874128793	-0.12289982133990994	0.048055488959054156	0.2550990910563263	0.21978707836172026	-0.09551385527314332	-0.08104187578783907	0.5258893470722832	0.09901229340606467	0.3953082006973809	0.01271415876186078	-0.2566772720268362	-0.24604827418351125	-0.07544565757876967	0.027197528852785296	-0.46033271991585756	0.6040745039433313
0.4221333708066628	0.41719152383644353	0.3238477068490961	0.258630349599902	-0.6623504842364258	-0.27128396646908576	-0.1974699011572411	0.027705992258121676	0.4009996418060118	0.12358808780619576	0.08586265953184531	0.20162045725779607	0.17594893211157905	-0.4600867656918183	-0.2852065725703656	-0.3466415919974294	-0.0874286235307179	-0.08844510939286884	0.025429961829117623	-0.009869227152547956	0.12686093327051895	0.35283174850470633	0.1410909326259155	0.6564083134950551	-0.16023975343532076	0.13395309852810186	-0.3019370325187663	0.216779107403899	-0.012482916887598085	0.2002733445395565	-0.527038898578956	-0.032059210465456775	-0.08592814347102651	-0.15688772271463242	-0.07331607768689864	0.20573549638768152	0.329286418665547	-0.16052162746549245	-0.1038483055889644	0.35887732632222225	-0.11183286209871189	0.38162726997193475	0.2924152411359292	0.2577218895015593	-0.041585635081838435	-0.10668681753405125	0.3437378193463146	-0.4594235897594355	-0.07172087972009503	0.17101535626367514	0.10411692667269157	0.24614373639975096	-0.05027171872882116	-0.07189899104883173	0.2576169894149594	0.4159465302367354	-0.02739038571792893	0.13275711485873445	0.15745886501148096	0.25924465911305833	-0.0512853311797623	-0.2673608339546967	0.30075892314841485	-0.07073153913715535	0.18500524099406093	0.07313107015717926	0.22439734731685695	0.14761349498397314	-0.19344263923110647	-0.43829650510989393	0.5666240481457551	0.4211434648772595	-0.05153683120080113	-0.10854037441763628	-0.11369685308699057	-0.06789144987046428	-0.024453439103526573	-0.4385205337597436	-0.21221316912829322	-0.22608773809772406	0.22804275136231836	0.31475604709364496	0.27669973117732344	-0.12057579124037147	-0.4013567870838447	0.21000182642023726	-0.05138613804616138	-0.044474626253978085	-0.4111917680863463	-0.03597794217242026	-0.035001290222347055	0.038423813166384796	0.7009933593624255	0.11456544488291884	0.24570588905682508	-0.24107821576224814	0.07584525813175604	0.6255106642815067	0.21745660196097166	0.053778948378467174
0.3164117837530562	-0.06485688044356	-0.0641157927205022	0.07452902607733286	0.26585379841820955	-0.13185722738212627	-0.4893299659872371	-0.03147897819347012	0.12228000316285258	0.5487512090654867	0.513124593432148	-0.38884992412843516	0.133104045897432	0.088226959979604	-0.07243108817562287	0.08814897703480191	0.2007790876027174	-0.2528398012867791	0.1847513381313533	0.38339182761215856	0.061616011185216576	0.038113763474254866	0.23132157955910973	0.4082426536672037	-0.1315319656739519	-0.2758722531248026	-0.020121935569075725	-0.1603141046710662	0.19135798068162505	-0.17540113506703703	-0.32077174371093625	0.3866689158010946	0.12331427343400832	-0.2991764900753455	-0.03665692488599211	-0.1188685124295911	0.01976126352420477	-0.06324439669333269	0.37328696825455326	-0.01662001290035912	0.16134733998680556	-0.16556679572076524	0.0747001204255809	0.3411666940096744	0.1261854955091204	-0.16426910788349386	-0.13509202274344095	0.08048868088720516	-0.05889060442390261	0.21575751499025037	-0.03938348577318395	-0.07119208900282815	-0.004790282823579298	0.09439245637567081	-0.11030984154156916	-0.4742395617691083	-0.23393886133347402	-0.32346717975348543	-0.10637971471829799	0.220717285081688	-0.010478648153093103	0.06918046478609545	0.08749277680676525	-0.005013786690120933	0.07156778667696477	0.37848221703506113	0.19784268789289128	-0.10916932364645202	0.22951934544523572	-0.5059918099169728	0.22785518400455232	-0.1392974155637301	-0.176720252207378	0.009744649441655135	-0.3912038163363335	0.13429761654143962	0.3614918861539662	-0.4339756347919903	-0.12983652749843272	-0.3658795377525851	0.12853962155347598	-0.13864293181181903	-0.3515688732562284	-0.2022880519148979	0.21646446626456045	-0.17898681091370594	-0.1755072835517205	0.007178330769945827	0.5089897537514093	-0.1174946193951773	-0.41554455034946175	0.42526635115904365	0.014083211692929172	-0.09490427782379078	0.0841561000208558	0.21859973145086029	-0.11537258681233552	-0.27830016210759206	-0.07592147470563866	0.07189418568964163
0.12037386936318133	-0.1578467594317957	0.3724088771069615	-0.22828427682604027	0.13897605787422526	0.20117283326612437	-0.3629966372638347	-0.07318437059563936	0.2687064342012762	-0.22994330083279216	0.23616282361322322	0.23539051639023878	0.25501227902384976	-0.3256995152359289	-0.1891783093915554	-0.11030002681625932	-0.2243281941505098	0.018071447932219892	-0.12950655157767524	-0.3461649209435395	-0.12129069294348924	-0.03783165913050502	0.007256091723729606	-0.20031569912895206	0.02491004857959169	-0.046207835382662835	-0.22849867576109464	-0.03400357866094669	-0.037870119726507355	-0.10406587945919135	-0.11742704586194119	0.3827440940482541	-0.2814450919679646	-0.20550235654525673	0.19471199546115367	-0.3094405375748742	-0.04866083654799978	0.09739982162354667	0.27672508955701597	-0.11347199612321521	-0.4875129134057712	1.110026038500174E-4	0.2856816719561955	-0.022935413716831447	0.1489602557043679	-0.3709403126726016	0.21822705603038695	0.11134767125368356	0.17742274944783243	-0.09270615838061828	0.19976938232088198	0.20973904669606713	-0.1780548307525222	-0.05550775538831655	-0.31657158675915803	0.3148091550078135	0.09334539459009757	-0.032419417412249095	0.1712656690930219	-0.2030117649908151	0.3271388810469987	-0.09967361800496959	-0.21011323741548266	0.23578867441948517	0.0770765180559572	-0.07915091035946317	0.12766493740270946	-2.9932169590719154E-4	0.40179193228137056	-0.06543973271900765	-0.07483875933484378	0.08540855156602094	-0.03775980459051714	0.07557214802406567	-0.332928550926783	0.3851280730478986	-0.246193556895341	-0.08477999397587363	-0.15651634427729705	-0.2739617018293419	0.14506493691020708	0.22298054014143529	-0.30204318193303853	-0.284256501050632	0.17613188570000005	-0.10309660447973834	-0.20907202195136368	-0.05870927123538904	-0.297739362690289	0.12375174666651417	-0.15005051738527897	0.008229168317262649	0.07889542918973498	0.30663914237106493	0.406671201279313	0.6006354248357483	-0.3653296176146626	-0.04365570706777576	-0.38570176522602	0.055716462309211554
-0.2019981930480653	-0.06170862690305779	-0.0025421755608702043	0.02333072461680504	-0.29310986109895204	0.019016944526401208	0.2913056364438584	-0.19032534675552845	0.1647811981770879	0.2550196941433374	-0.3545668855991917	0.3130584503915824	-0.06928864494196808	-0.03638671877563477	-0.2955034067182204	-0.009229455742783076	-0.3828692290945686	-0.22348392005860326	0.33359002602527904	-0.015229479265486175	0.5285805263955929	-0.17095525847938517	0.3584523373451065	0.18290711644036187	0.3837206552834209	0.29572679999248763	-0.3711124477977873	0.0026371396368501175	-0.07120461159584182	0.16585878214156763	-0.024429530895291658	0.13021148137237634	0.32775407435725656	0.26860220338252677	0.3009502075520443	0.006412599253103456	-0.1392705313293827	-0.14990151734099055	-0.36939401600358895	-0.23751944994040516	0.2618551589321573	-0.26414103348013057	-0.31696390779654854	0.11501088335140357	-0.2402469243346588	0.02478205787785399	-0.3415566725379148	-6.941916775960183E-4	0.19891356276307898	-0.17245516986781853	0.05874044648516141	0.12173336242881036	0.27476925846576356	-0.14622129175727527	0.19603138135307263	-0.11846877718260333	0.1668900945183857	-0.35976785189942884	0.3790899982820967	0.02366420183961905	-0.16703447051212517	0.17511229186671864	-0.2741142891523144	0.10625501278876899	-0.008949626552395899	-0.0032123144074126986	-0.392043339873087	0.48363223878421435	0.26405388270565555	-0.13473499209018364	0.26428518604756757	-0.11324578240705972	-0.03892850144484206	-0.3462994865874318	0.09516047816702115	0.26686943972341437	-0.3513153907855194	0.18089130935573058	0.172877554947933	0.0022092402655373433	0.0681910519937907	-0.14555489041346092	0.27535435556614857	0.1395519560225531	0.14360507491580632	-0.4255582096070236	0.46641438776651933	0.10125018983044519	-0.006428056945434614	0.14196464245374726	0.37878058531216874	-0.35925044454580607	0.7414364291495098	-0.10705215580636455	0.1722681733765198	0.39510693304400685	0.20242019807672107	0.13347103880445377	-0.2855243504222115	-0.11590431254538215
-0.03341621402875767	0.09350817602525188	0.17313126237628806	0.21090593178674463	0.11661018680535834	0.18406493059946602	-0.23277705294071757	0.05437884198630695	0.47127718710359434	0.3929519606411817	-0.13394603441498756	-0.07598369705884651	-0.08335885223182941	0.12116343747457203	0.1457447778550881	-0.30909583481659186	0.31164076371985455	-0.42773169365024133	-0.5749950873968565	0.328078973447914	0.1269722792152209	-0.16374295226698937	-0.19497137871576958	-0.15133932857930774	-0.5897831244531615	-0.1579920548298523	0.31546105577663464	-0.38144126984616317	-0.1107870410593966	0.2721112688924479	0.248668508333627	-0.08861705084456498	-0.038707688980612456	-0.05147392197704004	-0.061928448044351714	0.2585434351118277	-0.9083246751364	0.38535784176354937	0.11032550433014367	0.17982121674743445	-0.10394758879604671	0.08270211486575023	0.23366729152275592	-0.029594593980930586	0.021190721846217706	0.23381106049884182	-0.05286821628098182	0.16152595726642135	-0.039423541347281765	0.12130056874725081	-0.3661354121843581	-0.4412967461481899	-0.1605847815812087	0.06509177853260889	-0.18782987179570584	-0.2915387850942874	-0.054599813911406475	-0.2816557700765768	-0.10340152024781989	0.5860982588089172	0.06371544268062694	-0.3632677945934023	0.22460521378044715	0.31912868842318	-0.40579322165345794	-0.12425340160468153	0.010039402803747384	-0.16573539082812103	-0.6269743681502215	-0.10248075472293221	-0.1065649766778827	0.06888577938429646	-0.22514214057096665	0.15499336587836315	0.3866278340925501	-0.5455377041470382	-0.03862289756350238	0.21552373928050506	0.4509624617922965	-0.08188425898022543	-0.025104132237731714	0.0971392332954495	0.2531039335374532	-0.15587621051675302	0.06343264373433452	0.08020805607140556	-0.022935457113015048	0.11151228870656893	-0.04632863760196729	0.27177256994709464	0.2782699937412758	-0.048812217049829194	0.43810082828790675	-0.3367991161789343	0.04969129599942801	0.01992844447258133	0.7557489120047038	-0.18034398849156028	-0.08916745501352452	-0.17424186087956245
0.49352582645164034	0.38935548647897356	-0.24951453898490894	0.3294662649781094	0.08908227145535998	0.009916477002487848	0.10353660971547231	-0.04566989923670524	0.05560419681760707	-0.3779779404103384	0.047012093557672614	-0.25374383571736575	0.14517851317010777	-0.2629455114502084	-0.41055286157180415	-0.06338949635812084	0.09630596092664076	0.25332136975757785	0.15894939615245124	0.3631620597976915	-0.33867230165174966	0.013364342532292607	-0.40777601837194744	0.42910794686641157	-0.2524081893419963	0.13104553421185902	-0.2768666090849282	0.3238630589552413	0.134276423500833	-0.08974335828146895	-0.6088495876734108	0.29956328766555007	-0.18827841987262534	-0.1368908401634322	-0.09273963068783866	0.2045403913968878	0.11410240966425164	-0.4818043661809144	0.24360330405892364	-0.20691387728705965	0.014500934371306066	0.2336837558958022	-0.25036588634138973	0.3193341304287586	-0.002628152571112439	0.1473573138403614	0.13810184230942146	1.253921820974136E-4	0.32402108152448766	0.23546618112261025	-0.0968065881095475	0.015341316377919991	0.16010153297121624	0.11193521533444417	0.4069202032757284	-0.20654325810197283	-0.13331682886429258	-0.36748595238480763	-0.4059858689240392	0.0559414139560918	-0.08715657823583317	-0.010271225895910603	-0.1601950776148095	-0.4926631112796923	0.20414035396175342	0.32280428330902394	0.11057155290257384	0.4821174736332427	-0.004546497472085362	-0.02188936315122656	0.3055483921016937	0.09200005987372926	-0.40923309381177914	0.037796086266199486	0.07641222271841365	-0.06545857148858028	-0.0522266733451469	0.34461293815842897	-0.06488383812441799	-0.008313839697396087	0.035998027368313	-0.15298773052991121	0.06760296408494448	-0.3112764890340671	-0.07004245940573527	0.19009674672531995	-0.31543591745308547	0.04016898367114875	-0.09873223131709463	-0.27448733970467903	0.027068186223610163	0.04310800354307435	0.04981522550475008	-0.47421382472379375	-0.3534907971702557	-0.3628412459020559	-0.3590051798480203	0.18820719892130838	0.39775615763062244	0.2808924640727841
0.02139808264784439	-0.3991549960806416	0.07668375857551576	0.20486877088318223	-0.49946606289719225	0.22034101061316094	0.2167993199638966	0.01658804560930519	-0.2712187023668631	0.46640320706569094	0.2907872812305788	0.21030077824971424	-0.3089792828860849	-0.13318316875891073	0.11945610371173414	0.3984532254738023	-0.38046790228171673	0.3052596484524912	-0.026649034805452734	-0.09501971808590758	0.26241419536627175	0.4058404247262533	-0.23702063814169708	-0.07918782209817449	0.11373925862970995	0.15945003251587267	0.21775456434271076	0.13537593544129578	-0.23849816823349998	0.5163979918062217	-0.26164039519755977	0.0188050489930823	0.10869693447280002	-0.3839171053166708	0.20880155653109328	0.5662329995191866	-0.08207267372606938	-0.22245717992544245	-0.22005114339760676	-0.17657219696993873	0.04176624607532644	0.35570136749951986	-0.1314268393551366	0.05285346048297011	-0.2839318228954006	-0.39902660216211566	0.2544427717712179	-0.2005424757560699	-0.2694625677383663	0.14674637466221374	-0.11276676184941979	-0.3737678397259871	0.3938446214098295	0.24092483422247019	-0.20456596415383455	0.3779826086507786	0.43854652208438616	0.4757500929777346	-0.06805058216278925	0.12458545962740418	0.34959412526046385	-0.11526480583640561	-0.40954080993332675	-0.3462287840514182	-0.020042858427548195	-0.09332655079246222	-0.13787741207437065	-0.05559941805011684	0.06485548342358494	0.18317861658657003	-0.4372896205275483	-0.3345428075285017	-0.2878240703109352	0.1144748908430775	0.205429341839537	0.37648336016405615	-0.1151096032273054	0.21798161712881564	-0.021279696619416758	0.5125354696474035	0.29293356763435424	0.30689021733311506	0.2848834628829578	-0.22583683367608903	-0.18208644490643078	0.22567685659215825	-0.41754313817643185	-0.31055117634956103	0.28913054046000697	-0.09262277312805685	-0.1573515237088031	0.12450685558066882	0.15863351450426447	0.3695675653665826	-0.16272209926153355	-0.29863831215390235	0.21623297852621343	0.18428309995661285	0.08855403796314083	-0.2677590340817028
0.04513779186462372	0.15439752703206433	0.30549654544800675	0.1781090142722807	0.011401220150854548	-0.006072731331874253	0.028349007250392105	-0.06272754705109362	0.4773317198026431	0.09707538794139023	-0.2756984810894966	-0.042724606218781415	0.3851283485342518	0.09176440437888059	-0.23211710634754573	-0.09727814968525539	0.10324177776045466	-0.21087021919278062	0.050959296884840806	-0.3874048184354287	-0.5638450330501027	0.04098370541871868	-0.13185708924444947	0.22498562482024628	0.3207694441450832	0.042108560971154486	-0.17744161095697852	-0.40659020074522084	-0.4917108611733735	-0.1623857163011581	0.1529408183956127	0.04243078989936472	-0.10131140790687815	0.17045212922974268	0.38189421272720747	0.10327327361136512	0.1706136563684644	-0.34950153489862085	-0.22629041676498565	-0.3114277793697778	0.36183582860221863	0.273919690599811	0.23231252062257773	-0.4387563798040952	-0.2585406643838878	-0.2461030906702672	0.29248586884836	0.33639709610233365	0.08606775358046413	0.4144663482335133	0.033459487501945835	-0.13845530409616044	0.003503579152430443	0.0992846095547705	0.03775808983530535	0.08631368795243237	0.028102784896676385	-0.185755033801908	-0.10448466096317302	-0.5212684173913769	0.282902173518398	-0.2501077420868712	-0.045680009004882484	-0.22732798203154805	-0.07477259586614751	-0.10049411732015312	-0.09888270386527613	-0.038499169108758814	0.13906151464052552	0.14629600483146826	0.1983882416183278	0.2123969288725322	-0.046762073312466935	0.15982429397669018	-0.3778146911271926	-0.21653110582017035	-0.1659637932813459	0.013738150333782244	0.24653194234519846	0.05379530801395617	-0.46381286531693855	-0.2656044781694999	-0.025705162016297495	0.3694752897267842	0.3497454331252416	-0.1420268870246123	0.1460219303954395	0.18619346203531564	-0.001986119283379021	0.2031490234954242	0.16787579619272483	0.2258932604959748	-0.18978833981846382	0.3256635563107779	-0.36956678471173426	0.06939255608995647	0.1217475378813106	0.08784035034658189	0.3212254217729019	-0.04612951071755827
0.05771516628742872	0.20998333595226168	0.10532605097518477	-0.4709077244497036	0.42654656750232883	-0.07957099304644816	-0.09486925697497417	0.19014684475856627	0.17147622681582556	0.1420372085815903	-0.0408186070281381	-0.19004368259843252	0.5212273912791848	-0.27085510771580945	-0.33206639758296985	-0.005343907594202124	-0.030858363781789296	0.5181578710179356	0.0019520248986418685	0.048728116240215884	0.08088340375979709	0.09679152406679982	0.05572936269299104	0.5381596675803867	-0.06841220482612953	0.41683105955626387	0.11397150486089917	-0.14023566338894608	-0.3458960967807558	0.3719957389510491	-0.7117624257483129	0.20782166804618982	-0.14947500818938875	0.3437176468125957	-0.18778941301180255	0.09700818482912489	0.021203719448794164	0.12662416131714918	-0.060067678659026874	-0.014994199700342497	0.019862870253189224	-0.6546585011712912	-0.12269469194479984	0.14759638147285073	-0.2387733637187836	-0.2686348888563508	0.25731103563613367	-0.30307733321528885	0.35060997207706035	0.3248997770104508	0.0520415834825608	0.029495473318033313	-0.1054835063603418	0.014380735187540619	-0.1076741507360522	-0.1884531438042965	-0.17115648147073412	0.28495786435038784	0.12660504117488067	-0.13590985410203207	-0.3654606328785854	-0.197214426903138	-0.2795016365276126	-0.18140604926853207	0.1596017445833928	0.3889110790881353	-0.05152290231966306	0.10432468526731821	-0.22976860878449573	0.18149908350046048	-0.15669743490920765	0.19079723482382452	-0.18418909038500283	0.17556723293675888	-0.10168397591507582	0.05652461229513518	-0.28506167292114776	0.06791033920980895	0.15969547810135828	-0.015425585090101699	0.4339471947225476	-0.2746294114068921	0.09889995795309937	0.24102102936510456	-0.07090588725217918	-0.38949239543566894	0.237310960255812	-0.025437448175349327	0.43273040629402454	0.0206758763836546	0.1623632602558583	-0.2524459899388366	0.11433142880158137	0.43537918870628906	-0.26725837298720573	-0.015857136863966993	-0.1473442309233428	-0.17555072870722488	0.44169735387790193	0.17696013747197892
0.3181783887100348	0.20155735339826272	-0.07070471771479335	0.16630094038138069	0.19508679078515118	-0.26524142620693564	-0.15518558393437226	-0.484523549643713	-0.1593250760341574	0.135543522857731	-0.27196230265935645	-0.17997104870867536	0.20520789403351195	0.20185299488459083	0.15517087976918834	-0.6854553403135826	-0.31577059236731636	-0.03181797710005136	-0.12045977716191686	-0.02963823297325499	-0.025007060583314162	0.14947678662393732	-0.21052253162290474	-0.03678189454812591	-0.05457726827555497	0.2459474531196862	-0.30821771923444774	-0.06773644618072917	-0.16866629133704406	-0.16980129181332398	-0.048735672391227836	-0.10543317375857289	-0.5757463860394881	-0.19359382626037858	0.09393455208494185	0.015975500363872585	0.5805909476747311	-0.166213641408451	0.5068146033381901	4.8695765618033825E-4	0.09930942796484156	-0.3818943521892285	0.04407692295825275	-0.08766880511740613	-0.17284415618319188	-0.023545874497946886	-0.042142542443650184	-0.32579240177147467	0.1798722834517006	-0.06013079670923386	0.11704538269591554	0.3984330389205485	0.26882943002658194	0.27168565831579533	-0.08787692180730704	0.37214009590146896	-0.23101599101701886	0.07575558275895009	-0.12770620884313344	0.44451429894425437	-0.09500973482032839	-0.2454276384878684	-8.070528469664151E-4	0.072928533772894	-0.2711032078875437	-0.3861242069985914	-0.18982717276128058	-0.29839768029013874	0.09135535485581231	0.10163479613655914	-0.031149704664449943	-0.1279309620921784	-0.20980625686649723	-0.28782639035221047	-6.719758581867475E-4	0.2975213329034846	-0.12201495007269252	-0.3330055381520601	-0.007088265934009884	-0.03283505147908168	0.2874012694220958	-0.17879401926148086	0.06545086031236376	-0.10620222740608828	-0.24233198884710336	-0.5670241684775968	0.016583662066883675	0.3833792440147567	0.4980174170242668	0.39189663304738154	-0.068693435898603	0.11009648336256964	0.15211242739692457	0.26820067902602673	0.15027381868586198	0.036478622047169215	-0.2505769858862558	-0.16530652966666892	-0.13421147345310055	0.18032447215267347
-0.0023065738775796085	-0.20493569928711725	0.39205528256611955	-0.2679186560008831	-0.0805243974253591	-0.1835649304208856	-0.47529906285922924	0.13390259171906146	-0.21567149407299124	-0.30128339981648405	-0.054605670904442946	-0.11581303478813411	-0.03101163612219872	-0.22085112881156518	-0.11873613985478595	-0.4858085533817999	-0.01862535771321755	-0.009110546681008686	-0.1411170844711907	-0.14843887880175835	0.0642213837657394	-0.12414613593159994	-0.39164761759559796	0.1262982148333975	0.41335334343740965	-0.1780512821097623	-0.05921494151858599	0.12481170058547508	0.05301607159017229	-0.21467621162413725	-0.13867996698708837	-0.15911065492437604	0.170863217171758	-0.11963290391567098	-0.2619226824899023	0.594049106053188	0.15919050256877995	-0.40404998767825434	0.20111727147915698	0.05587244623245584	0.23998653651355195	-0.502916268244748	0.03296479380107052	-0.7103093814043459	0.02702887212012642	-0.12760671107275792	0.019882232096916683	-0.7468925505145518	-0.22266975166396058	0.41917793909195916	-0.114978931082542	-0.06599907296760305	-0.27612175205891837	-0.0067918667429491715	-0.1067437232206471	0.13743163742416792	-0.11493797625142367	-0.11997837292346661	-0.3331871138079217	0.03433651105645084	-0.1243333883357471	-0.03496584389929642	-0.230624939839113	-0.23997764840801344	-0.14003286761669864	0.07666425280426478	0.17616305922361655	0.1326000551693707	0.041315483466452224	0.2953668284800665	0.5571421984766036	-0.028332692830149997	0.18040967630027474	-0.06012613489067983	0.04304928633307538	0.1748151518256244	0.09700847227422765	-0.2771779587030942	0.34833634763810706	-0.17891131044212172	0.006642804703082966	0.13120627610291494	-0.023945091129693886	0.13343092006006213	0.26853968073110684	0.15642259115459273	-0.022475042138456434	0.10661003050859243	-0.3698260107590184	0.2985157640118452	-0.2834364235578763	0.0741504760782326	-0.14985264717377178	-0.4470744574541046	0.004482670623068451	-0.2937601161877963	0.08286378571925451	-0.2466365721740887	-0.0692885355898326	0.2470186613316556
-0.047767281547785256	2.0866039603321113E-4	0.4913234622001964	-0.05741238350417375	0.10544445843036465	0.026768423942158767	0.4343834657552494	-0.28132887169546533	-0.07811726379664952	0.16444423112583237	0.06218598074973253	-0.26957003438545907	-0.14236455174685245	-0.1498064432813316	-0.014596403869509843	0.17796794145520617	0.26563569708984835	0.01721412548395605	-0.054457029282346435	-0.1902791563968173	0.05046611426438536	-0.029239418311612298	0.36761112704849713	-0.029798960469366115	-0.40944722480219004	0.34636577688322345	0.0959279936976442	0.13642707183266092	-0.4331150208220101	-0.003137450014296192	-0.294906662379538	0.2557072652105822	0.48522944031655973	-0.1703663329646112	0.3762730853520202	0.10928169034080377	0.3543770477326769	0.09505975212247882	-0.3840992125377446	-0.30824325455699353	-0.20697640708164597	-0.3402882588090103	-0.019764584526438075	0.019264293466265615	0.1971695410480215	-0.3048002624933423	-0.08584601856424925	0.39457692319744997	0.06200037595206564	0.008858347132238506	-0.013379251968014065	-0.35203174242137053	0.4220258647092251	0.1451549661328532	0.3400090062908725	-0.24985772584608681	-0.11541974189464778	0.06646937859339343	-0.14501167079487165	-0.030881082554476563	0.289824569025809	0.28656344462815275	0.5116882284447336	0.1008962225105884	-0.050877451456564984	0.24189229395841583	-0.1539263535173911	-0.015950423203730184	-0.03804447223612369	-0.06792002126052046	0.41636859761754064	-0.11186479992361528	-0.2589385340273826	0.04930193111001471	0.02268723303026589	0.09714506854905472	-0.5595300980342505	-0.5346606032717544	0.03758910013849226	0.06791887549400828	-0.19474973713023694	0.1024516360125573	0.29150570820392113	-0.2151180287428309	-0.23678965418543083	0.04180301228725207	-0.1419701283829479	0.07195475731238266	0.45465730131563825	0.2035456255660394	0.09987123857621195	0.0982898046449893	0.4234285822727809	-0.04396737021689844	0.024001588314203563	0.32361377130144076	-0.15739664337502723	-0.22114035257666598	0.03247226034253378	0.1550461352573032
-0.20171542932794884	-0.06378035751975268	0.03940309197092156	-0.008725596080747518	-0.5017276032008664	-0.2511461551026787	0.3343743998297885	0.24910024973910852	-0.1284696374006297	-0.4302522021555147	0.054897594038901834	0.06117518279334963	-0.14827760031620807	-0.10916825798838659	-0.18368919178460505	0.0756476752207979	-0.4938122699362011	-0.3574128172533418	-0.030808025909221753	0.28485804261494807	-0.3387949433476166	-0.4911378236227348	0.5429392788719763	0.3886283280178161	0.32615758594798966	0.3468119878599676	0.14316782931763103	-0.4629629037427518	0.38392536341433986	-0.22803784136447391	-0.3418916586324642	0.030034176138483533	-0.25341267185534005	-0.13060733291074553	0.6226342198153428	-0.19257025379593895	0.09857164354415875	0.09207507086154788	-0.005369629912622473	-0.33581018424769243	-0.09212500451408304	0.1354548670268244	-0.07943210208669142	-0.17484905443585463	-0.2760502822208788	-0.10130216530900771	-0.09833033214487245	0.040643014156982536	0.11771356768104636	-0.04530137147654576	0.08469712051909424	-0.21095277044719218	-0.06456669799432757	0.17206331497526914	-0.019202849427443654	0.06101399310777767	0.2914231635277943	0.2097482319731461	-0.08412337941393855	-0.17269360647736295	-0.06811138271726415	-0.09420517490493024	-0.07643464815603057	-0.14872785400063154	-0.4557418487201102	0.13590281202132276	-0.3498769606046043	-0.412444670965425	-0.12450802389867636	0.1538020374949948	0.37411237501776884	-0.23026040338639944	0.2853549038619314	0.0798363769132604	-0.18700662815837296	-0.38515421350336965	0.09109938409513345	-0.3768622363002051	0.1879258763690375	0.30702373124713733	0.06541422096505269	0.4647178953743095	-0.2899350156773675	0.11567952230541176	-0.38070513197441497	-0.37216477011463905	0.06008650757416629	-0.48284721335773045	-0.09811398880467194	0.14498155425629292	0.34318504478513406	-0.0738461761436728	0.28880792569493163	0.05907683968901001	-0.16176232500482768	0.06616707981630426	-0.2674276821828268	-0.11071597548282844	-0.13054735614964041	0.4579136937190342
-0.11460097470201697	0.17304158625793367	0.07134772048214667	-0.07117001832847963	-0.3077975525141117	0.41198544154093586	-0.17490535537200833	0.6329958618247579	-0.07045675491495	0.06934625116081987	0.10720478079053197	0.02046877860882241	-0.07034056543521641	-0.3566752754078395	0.005507447835856845	-0.09189633119586735	-0.19505455355093174	-0.318985144414566	-0.2805273340315954	-0.04931899490301512	-0.1619511264522124	0.044366670557382394	-0.016782277062073237	-0.39524579860856196	0.013171971902000897	0.3064754998867304	-0.39568860531550176	-0.4208956492491701	0.19471624287894645	0.1926832297637275	0.09798865351809954	0.08281473789687525	-0.2105981401729675	0.20600596622375453	0.08514634594195737	0.146580117517159	-0.043756836892932166	-0.13706294577124825	-0.45292152178734874	0.06575849821094823	0.28811091282949924	-0.11394287190308514	0.043711264464007124	-0.30469167479817577	0.10376922189190317	0.424129642300973	-0.20908415539707068	-0.19913099447310922	0.39937257605844717	0.017709748944492797	0.5504588828947713	0.0874445681544827	0.06182849444941087	-0.5459156345941589	-0.3268396794886215	-0.18920302944292125	-0.17544880673197757	-0.11406755335704194	0.24743094931936888	0.13813736286567282	-0.3178594687491926	-0.039823203460341676	-0.4369812014809411	0.35504844225388704	-0.09238635391910274	0.002678708936487422	-0.4443820279197875	-0.13864758638841024	0.409128549732842	-0.11012176997701877	-0.1078588448233497	-0.2999154906796593	0.30089146307769093	0.20889019765175798	-0.5509331838847393	-0.1947767123706416	-0.14918178261019846	0.22089357891765574	0.09734812755355074	-0.02302553185164746	-0.13576128705255774	0.11948957580919961	0.43092159333288316	0.46055980014907777	0.23957282428091384	-0.24131198809977883	-0.031946161080797786	0.05778305722394197	-0.2357247501751266	-0.17746831834276397	0.12833902559286028	0.025378246076217314	0.07878814930296951	0.14694434875841492	-0.15324959645975522	0.3960484918889555	-0.2602374627333857	0.1014779569138982	-0.19645666756684743	0.44616028946400116
0.15446579709590166	0.27468880057456163	-0.22705176763484342	0.10189793570202912	0.26729016091775004	-0.13238272248450905	0.1979873795642532	0.00832908752656704	0.05571437375733731	0.2470754727391675	-0.1110095368867791	-0.14491978820049736	0.03585187724551225	0.08998968436523765	0.03732971197712644	0.31007605248040015	0.039554104181073184	-0.03338618867267343	0.28381893793150237	-0.43972291441825356	0.27526247926477637	-0.1848440321546775	-0.14912116851077237	-0.21260368105296354	0.4409150035986259	-0.251488655546686	0.03690050403630876	-0.40942145791668166	-0.06108425380957426	-0.27178653473374237	0.016887862062980503	-0.07776031777925738	-0.23786881094289594	-0.4290181946615067	-0.14941230009067527	-0.31514102987230397	0.12016774242265296	0.30429467624810685	0.25211191066968897	0.2209558793596454	-0.0785963487214426	0.05195276915722665	-0.28959350726520544	0.20948634078126765	0.17623352497757797	-0.15550832067698153	-0.3851872074014703	-0.16670667671313677	-0.16573694526648308	-0.28560540318049915	0.0239385688954424	-0.3499617887364762	-0.07891940500059057	-0.261069447157543	0.017675809502630372	-0.1422282703513446	0.10151107255965473	0.09500116392871157	0.10730233703896248	-0.33224099511731087	0.37761936173638194	-0.3320648780673015	-0.7474950811648317	0.014487537112499832	0.17759467391497658	0.5613399815148187	-0.4627680190907259	0.5153480121895969	0.07392824587145981	-0.10558279591221424	-0.01538661927812662	0.2428890821574255	0.012330568741705027	0.11236581816929171	-0.031016858642603406	-0.15745390639996293	-0.42217402366648044	0.05328379367982211	0.2919065787715538	-0.3031178439171683	0.49047173946672223	-0.17838323438696477	-0.2777631787808275	0.229888333236597	-0.17841602900670855	0.05801738546272843	-0.5192727895996291	0.041359138773759505	-0.4483534443286509	-0.1319793816696508	-0.21386241973489856	-0.3029091557457451	0.49800756216638037	0.011347609660882505	-0.3119810958727628	0.0499313486441287	-0.08228559866748501	0.13437519650278898	-0.09439152932787162	0.004975684344947707
-0.17521004740553703	-0.23480468320757056	0.18058859136447591	0.050776300192185826	0.4059616760081408	-0.15309693399127486	0.4476953113427235	0.1510793498400578	-0.40772866110212513	0.4889642068081724	0.12921214822261098	-0.10542370871646525	-0.38634449286508404	0.006520305528029126	0.6534958518568067	0.036400214810698044	-0.15796845159615397	-0.23451768682562452	0.39345535940498355	-0.1112764706931165	-0.3007215167827972	-0.005368108178672033	0.25239926515677413	-0.40136288778929935	0.3088579071146048	0.009105854682233055	-0.08032186024965053	0.08913569678655557	-0.14545077122672984	-0.15523652962299134	-0.10245547497130102	-0.05455399629560367	-0.2616734491626046	-0.020775155602247353	0.11597905840443752	-0.07604884700502089	0.1365749979534126	0.08574268414847419	0.30128476226696066	0.16351641139815826	0.3217691211274289	0.21037999111680078	-0.6266304280173859	0.3451749876187303	0.07404204168032272	-0.16455540901117538	0.2380533123642799	-0.0937839948229341	0.17958540371587167	0.08985578356049219	-0.10088535182492685	0.2612245672870123	-0.03402357681966254	-0.123897173437229	0.05618472958791535	-0.0500876048130583	0.12563771074313898	-0.05687222484067795	0.24064074783393338	0.09317315051122739	0.5531622681308033	0.21488272386175877	4.5575559109255545E-4	-0.03176079770567144	0.38750490055840114	-0.0476880852342965	-0.06161870664887045	0.09854414986512713	0.08018960470219669	0.30529492166522015	-0.008290933831055634	0.4760208037854029	0.12364300389926196	0.16528684505245322	-0.015654023275287456	0.09314063196532127	0.05505161240482115	0.19755632263068046	0.13147569447330587	-0.06553426929783862	0.2693733531330604	-0.07644053267226911	-0.16154414186761556	-0.6514147260971019	-0.14675676979775257	-0.031308961863145496	0.07269342595215963	0.09693798468898542	0.07872905023731072	-0.06481579475669928	-0.13668371774785948	-0.015788290668013762	-0.28673793832402045	0.6506768315180731	-0.0024220584788842104	0.16989840862512035	-0.3122062974149324	0.1281610577531343	-0.321742492217185	0.18085029977718817
0.41833853108034164	-0.2699527731851093	-0.2596983899534228	0.1914702173656617	0.03822437059489683	-0.5125508833959844	0.01345314348766728	0.06097372039155313	-0.07968640035608897	-0.2224242931502586	0.06023594723125765	-0.3710198982894296	-0.015792849626780462	0.5141351756197213	-0.09531480004956473	0.20801468154996747	-0.18564898442738462	-0.4552771276567257	-0.01678928124866401	-0.1839796934346662	0.1884102021464317	-0.18870808405787426	0.1857405333203271	0.07868313947159798	0.10637786746327756	-0.3349530098346365	0.46791413653315644	0.23508479817907382	0.04055010694020958	-0.2003698944192905	-0.6080611308000963	0.4812783571378758	0.2522422062163375	0.3407123604780493	-0.012758505612065025	-0.03884459530605999	0.3010863161945784	0.3489031770688092	0.10572916777953628	-0.11622692179414748	0.2869377235019426	0.1937204017526905	-0.3235542510051286	-0.059565894960746775	-0.08845046314847586	-0.31237270188309807	-0.046136004858933995	-0.13413904477857264	-0.15706549247256643	0.5941597118780397	0.4374482938606577	-0.04253315748074261	0.3212452081224567	-0.057032444539680455	0.5190589627184916	-0.11077649203586559	-0.43397720595516953	-0.3930958926584123	-0.5600303159162761	0.18946276534880294	-0.36371223097610345	0.26911660800033177	-0.0699289797974837	-0.2784726097184037	-0.020126382701486686	-0.05894377546443744	-0.16279550362293074	-0.13286777941719818	-0.45700274285353865	0.504658559959677	0.19057913034744112	0.0034183596510699845	-0.32724376500779334	-0.25306207780715945	0.13406863198345234	0.06650012943381516	-0.3240274175272624	-0.2642464433071624	-0.026371644660896486	-0.034038621317183354	-0.1024390208176026	-0.3338719647017974	0.301720005619421	-0.015351869142342317	-0.060659154259721244	-0.18438026044947683	0.22720684790352416	0.3376914800237243	0.007748471029934337	0.09608957729261342	-0.1475929959093392	-0.41088574886902346	0.3344588789039084	0.20945988904721863	0.1973956090270497	0.2635843454061075	0.18612751871895244	0.3115791496961451	0.25672228766010824	-0.14504735128594726
-0.03975299636957383	-0.02984671557347589	-0.1198173315614007	-0.16517623637802195	0.044150619879531706	0.06236519846243896	0.15542623467912056	-0.19276603348864013	0.11043533593765323	0.47163903893078535	0.22868247670760566	-0.0191424589390966	-0.23524702259600566	0.3884972302444384	0.16757096269380894	0.020404807691017067	-0.029620934623752006	0.05876368462883399	0.1760902150864237	-0.07529134241970405	0.2731866537593541	0.026012057416077164	0.06078221720298667	-0.14682361565007226	0.319731987983841	-0.43611135737719653	0.2578633008539987	0.08024290291196187	-0.12638364496518129	-0.23599564095492398	-0.16335132912766137	-0.34730379499162883	-0.4914329155470368	-0.39470691891435167	-0.03218288086671574	0.2944457616174245	0.13536927235724572	0.28552026903778893	-0.008002155103245027	0.1556429811170704	0.6217897054293376	0.40293818497015943	-0.09986439906608528	-0.028949969732762666	-0.5858676011123214	-0.2164025704701709	0.28737087675189293	0.15102938206035862	-0.3504900105935573	0.3257920296091718	0.025371546531864082	-0.11850216477990497	-0.07110121779840044	-0.1279640695470165	0.03148396881088743	0.04904771634468504	0.4740230788866814	-0.1271582565349468	0.1835715272736459	-0.0380109960813843	0.3338441059354092	0.26763006446228516	0.006406951982741411	0.2681802328057546	0.164606762214267	-0.3355685764050156	-0.10288980643178332	0.2651157216312289	0.1706323839320198	0.15665935962410873	0.007937002601300307	-0.5287258180528401	-0.2618921541850475	-0.11352923480265988	-0.3380355645893652	0.03027127948422143	-0.16497585987509517	0.13841986183836247	-0.36955952807820125	0.13595119129350267	0.13769899645027736	-0.09951600144903691	0.002256605698349389	0.13273588911818032	0.2112006389082958	0.053723346003859175	-0.08535737221837746	-0.09141757068780176	0.26069657240864214	-0.3225099593910653	0.26119748234058304	-0.04050455443177075	0.33313751874693526	0.2944783417547449	-0.09735952298063782	0.11442430660847941	-0.403938712677628	0.32590795090319435	-0.07900581932976379	-0.12886420492444592
-0.5624682319529566	0.051027229536672186	-0.05109121684978768	0.3393163809376712	-0.06672479826428178	0.4559631071334331	0.28662075171905305	-0.24365969207668065	-0.1586419805116964	0.26548359587415565	-0.07546805371391739	-0.024179704776098834	0.06690225590887974	0.15909288373084218	0.026725836269837166	-0.6620753637176219	0.003780027923740639	-0.11463426696807491	-0.37681312800737926	-0.07759849863500783	-0.2871048178283929	-0.23530984716941258	0.21242444508408412	0.11086628147582912	-0.04646527081012279	0.21386863765836867	0.12271664992838888	-0.4225524017578345	-0.7484164658159442	-0.10498466428545689	-0.04481468612657362	0.11615633888971073	-0.09426779430573297	-0.009414165255312197	0.4317195175374195	-0.4235230042182107	0.04411194735812716	0.7083243304407163	-0.2691000655680916	0.06456709393709895	-0.24323289903939332	0.14066545344310738	-0.08985966711359684	0.4342514331369489	-0.37055459921132977	-0.45447933090987636	0.3156412550578988	-0.0680232297524497	0.30811248654983947	-0.29122215493676634	0.2472814627264463	0.3805754042073239	0.10935816267516778	0.057510060538448655	0.15041038863387488	-0.03409110649979402	0.12765771732568681	-0.016605873068296334	-0.19550557438018915	-0.030052892807059733	-0.16411019625345027	0.15873197539018621	-0.14956504700106849	0.11575473245649853	-0.32907041234231144	-0.3515502654098966	-0.11344094034384086	0.020457651187992018	0.13711259359485428	0.07890753500700355	0.2867115979495062	0.1978051679836039	-0.06335612496023468	0.0062893643824362	-0.2664877628948363	0.2221866200712743	-0.1602307665180476	0.26736573212895	0.22686349042901094	-0.17467144171895121	-0.061989218682115724	-0.13052743530425004	-0.06562748627100007	0.018963133079653038	0.17142644279547442	0.1455371091740313	-0.08646775373218508	-0.11519790359230059	0.014776294187573282	-0.38043003272940507	-0.08765432801369226	-0.3088750748374305	0.04023145082905978	0.37581778447051273	-0.022003165392960704	0.3866448450332713	-0.06600903714394478	0.17501205634694014	0.11085666211101848	-0.44780215309690774
-0.29148785177090286	-0.04912746460705831	-0.13526846855594662	0.2474725693210483	-0.05294781327581009	-0.14998749481374424	-0.0975773819456738	0.11695161067576783	0.3807009906944195	0.24466240401150519	-0.12786997994927776	0.37340722653743325	-0.0643390638102826	0.16627063510161857	0.10197643664979726	0.2429932021919548	-0.8914129504409091	-0.07927366812663231	-0.37499746312165877	0.27589882849339464	0.3059371502090278	-0.1842705960935644	0.21587309841676305	-0.033754873442026406	-0.41481179229017423	0.1364480602859935	0.24991822396068608	0.028832949810001392	-0.012915768044514574	-0.23067914898940034	0.058126986647289554	-0.015283174817315654	0.018797594580420872	-0.0843065941905472	-0.12948002511033815	0.3395401954549161	-0.16665894601330822	-0.22672127921127058	0.05297424755688198	-0.19293884227704686	0.015005671160033204	0.11847817296280572	0.14493115510839244	0.018466725670437993	-7.593612271762968E-4	-0.1627109412447386	-0.17010289075623747	0.3300079638439357	0.3315628482692361	0.3480798365957728	-0.022627714017292952	-0.4566019941496436	0.16049314269884188	0.14235755347253873	-0.13286618430000113	0.2596764545919077	-0.36557015147595434	-0.05797379203320272	-0.03551021493649734	0.177562847457288	0.41256658725348655	-0.27444240727899094	0.021753247628765588	-0.04434107270504879	0.3251193109238742	-0.0603558848681575	-0.20036399190817988	-0.004512631001189918	-0.01875538757941225	0.021906038215524334	0.0926297561519739	0.05631051784569337	-0.2148078854883437	0.7676158968386728	0.4041137122715557	-0.2775552691292179	-0.10458347357095192	-0.12481776478497066	-0.24154641486897876	-0.36951163506758855	0.3911149092756856	-0.19925017071292295	-0.5644910493322454	-0.08702167494879655	-0.15227824432050605	0.24488083096981983	0.309581593229691	0.043068421805478575	-0.06424558844127551	-0.07144265584030794	0.03898343130758269	8.34557185125413E-4	0.37886514391497655	0.12610945938844498	-0.07592338522223607	-0.3546963946652098	-0.3868515709322318	-0.13036177869526305	-0.057539874678939486	-0.17527376987183546
0.22302162334367998	0.2698022260520951	0.22513755464476454	0.20182654322285465	0.06084816481016463	-0.19615060554524422	-0.18739429391865625	-0.38240827568680513	-0.474371894676365	0.26571686609943956	-0.08549788170252179	-0.011001638802879082	-0.20436852513386528	-0.17974907133701787	0.3305034698827674	0.13784428764624349	0.11916142013309207	-0.4627171741370851	-0.47523024067270037	0.6103990169405017	0.4430730234951164	0.0227213268034372	-0.41584572564223615	0.15841151937200673	0.15231658291567463	-0.20283691215683172	-0.09972489390822695	-0.3279923417140259	-0.33224051537071103	0.1316892895109737	0.07216241990371161	0.16104881609398067	-0.05701922740559684	-0.3248174045365445	0.13845587787521935	0.07524786388303129	-0.11226544746239357	0.1487899865784652	-0.022634583906546605	0.1543988445026423	0.24310459095858147	-0.44032730508507556	-0.008311641166218684	-0.20251963584736787	0.16523659094150314	0.37467192244607966	-0.27587910191684506	-0.06114074481021515	-0.35960633223695604	-0.06668536774937248	0.2947301283878477	-0.5058242951788603	-0.14628255402606316	-0.14998911196668724	-0.2321073467808828	0.46234201345971804	-0.09722169552249615	-0.36723713094684174	-0.09839900452259197	-0.28364936927748063	0.3288896807792531	0.29991059090297617	0.22311677355898563	0.1934164516173444	0.42910430869728666	0.09857466640648209	0.26402567790980347	0.07895050929513839	-0.07945942898171532	-0.2939831077776857	0.030466594005798736	-0.13437979942877254	0.1386889480536245	-0.1505349766521989	0.28561540842990046	-0.2814146459046536	0.38297071873527894	-0.24854526999531376	-0.0224080507001663	-0.019653647560619877	-0.2795827659290564	-0.20191392794470456	-0.22320858261294738	0.0809978613725302	-0.3895000731455616	-0.1198047506374682	0.3903786890886889	0.08106930182508985	0.038426295069346576	-0.3588959438180238	-0.21232477780096984	-0.14282936036058796	-0.3930626869688122	0.02423401521164666	0.2637589066346823	-0.26835726902500917	-0.12332865557146076	0.07116811132856933	0.039122730966595076	0.03875382258127463
0.057396311132774464	-0.07206030288854211	-0.17934876928495685	0.4921772390037011	-0.08698344445166807	0.16914828847342275	-0.33020596605228636	-0.021007006583827776	-0.07738369957402923	-0.40399114104430217	0.007705266337577564	-0.260294610897314	-0.09164648310552174	0.20278618253494715	-0.18436463785521975	-0.44651818803526905	-0.13095683964029597	-0.15753642348668948	-0.5409986372507722	0.18779119933156438	-0.08659280925207163	0.16249939953637826	0.15512395415014602	-0.08432242145890553	0.2701652358463964	-0.01107562985516663	0.14825067480912069	0.015020149392352194	-0.15784335203097244	0.2024469268049802	-0.19931341091554772	0.11109809180351712	0.26773134960451417	-0.5006470306855013	0.152204004565512	-0.2271383685031549	-0.04424162913613007	0.030201542986823038	0.3084428836259244	0.3497166512658909	-0.08820493602627533	-0.0659692908734602	0.12283368202660447	0.2586735993924385	-0.5685727661521515	-0.3641654264764485	0.06885694540559016	0.1961634443788565	-0.6233892865456484	0.23764103226120378	-0.06987194190223127	-0.12480313171738917	-0.42539891238244	-0.25206216532358094	-0.1666103878931376	-0.22283932375087756	-0.26028869857910725	0.4078545639193119	-0.04529736277335935	-0.3956696220717052	-0.2841382027906558	-0.05799511218985455	-0.1211354837237208	-0.050170048140586565	0.11616321843685229	-0.41706438239509797	-0.1323525071462076	-0.16233188261200376	0.04115667418036157	-0.03402825214278879	0.0064413853788290116	0.4480578183407619	0.44218286061856704	0.18445528529285948	0.0925664854730403	-0.298754212995421	0.16554801522192325	0.08124773637115222	-0.07138037887282131	-0.36770048173081543	0.026564793348320036	0.21009694063217202	0.01630417828039612	-0.24014573437932893	-0.25658717765136435	-0.02450141783332458	-0.017994904801004994	0.08900317331551709	8.75966227192119E-4	0.27229507616557397	0.148929447022443	-0.0032708038708940223	-0.2534604423980812	-0.3351185889294904	0.25099181145787497	0.21150800812160908	-0.3095129886211947	0.10699204742126131	0.15283107388446837	-0.16542173326418125
-0.14906842583894744	0.16862317230370866	0.5552110591524548	0.20710767394152557	0.3259901645778023	0.31070148208184545	0.40557885973586105	0.05950231090295951	-0.014799312861146071	0.31034149266789784	0.1635922178620642	0.28168264731325965	-0.2771293832426692	-0.38218399369216494	-0.0072425433066735535	0.28553979934800006	0.2824541688428992	0.26449808885395676	0.23590834125579474	0.21906277464316512	-0.5209017499429516	-0.12240812449774759	0.177661206195361	-0.3000983435794802	-0.3302565930074278	0.071357803201243	0.10997216966200599	0.19452757531756973	0.10218736226506032	0.28635029462582534	-0.15432303893755167	-0.0091022820268268	-0.33623006290781293	0.34798602242685545	-0.06725919673967079	0.2746699009569899	0.12635880463046864	0.21335285147857097	-0.3484432658974542	-0.043410576598671195	-0.16224634302469393	0.054184240088929074	-0.024104908366908307	-0.17144474706689417	0.10097136416032425	0.04964217012583893	-0.5924741870040919	0.04229881504082323	0.011499144806510587	-0.17690634298281407	-0.16734827763028318	-0.052236121214643966	-0.07493416867056993	0.09526335913345589	-0.039918495750909014	-0.27943932635251856	0.5311948097868069	0.4836602813795723	0.047287273165495594	-0.06403405864284355	0.19244252072897075	-0.3357805312373959	0.2866522165362167	-0.22761659482021138	-0.07788320319223738	-0.4069520726155048	0.013638976353919587	0.05480894117217725	-0.21590604504026517	-0.22954138027246201	0.12644700694058209	-0.5693533479414534	-0.35412194687225684	-0.1584716043318323	-0.29055982136702346	-0.28904802413571057	-0.13562342286912585	-0.27483335638499984	0.3034114029648065	0.198578249114945	0.25616321040104006	0.0012301175913462389	-0.21554656391585908	0.5915195979356241	0.03809816633488581	0.3762750779227356	0.39800612438398836	-0.44604729242164565	-0.010591480717965009	-0.11193762147910069	-0.24447369815388106	0.32415305442374137	-0.2182988000777899	-0.1373951843933161	0.021686145488651557	0.24802592563361966	-0.520420899530585	0.04724630770629134	0.398980908761664	0.005074990220177134
0.6071534028520807	-0.39751756189640625	0.052766722847202664	-0.03921156093286285	-0.6281592712764753	0.1922384315185552	0.06931646919497067	-0.20655001679442841	0.13390063160387397	-0.14425115030097238	-0.08127499430539593	0.4302195076259421	-0.478424679111705	-0.0095873550424072	-0.14843699998782356	-0.09731142118205212	-0.2570353151277833	-0.37047406470087446	-0.2212218827685448	0.2678914747099718	0.2281854011599861	-0.011170727611683999	0.2648288505652007	0.36841352270605016	-0.43519457973605813	-0.23065767460058362	-0.1548381809790301	-0.008373533379629788	0.06055145177508855	0.042495645409984004	0.07469513713688422	0.2613982107915135	0.4888277990252826	-0.09900591971861267	0.0453667275711732	0.2022118959377872	0.4941211475515977	-0.2305550327075241	0.08049361206713591	0.30910639784497473	-0.5584322075124531	-0.24831263254977617	-0.2988088040369334	-0.13866164365193523	-0.06473662354580471	-0.11247476405725193	-0.023633319752849213	0.10395264892899773	0.7043811603513128	0.4113488190031479	-0.23783108980163958	0.18973551185137935	0.03126663884532597	-0.3860786768341658	-0.7690172853784217	-0.021632469728945836	0.07190259513145919	0.17613345231425434	0.08521652917868511	0.002319009705970918	-0.45988206468916604	0.5359950299426075	-0.2592784141058614	-0.07225471151625422	-0.12240594781123736	0.14246956753202608	-0.24529752375134523	-0.11681151719120186	-0.18935228981601318	0.23699374435223097	0.21462772793417995	-0.492876470227921	0.4804810349295367	-0.12327709641119296	0.1381701980899178	-0.271307252357558	-0.38005051102734505	0.21743130543379752	-0.19807750087703652	-0.02577187359008303	-0.22554785655285306	0.19526542328463287	0.04532833731984142	-0.03022201315003377	-0.04991065276928427	0.11289447025976	0.16248191114931898	-0.25225131327300165	0.044336189127175796	0.009551922262572964	-0.07149928129169074	0.3382557810739655	0.2827912985939645	-0.33395138033648547	0.314807303096635	-0.05800426687230292	0.08744458909272312	-0.2382195542044106	-0.6772784367298686	-0.34891451212766617
0.2274697075592813	-0.06866134786475729	-0.22498980900069174	0.21449824518117155	0.4460561663414573	0.11869566708993216	0.3388783347860516	-0.16508484361519687	-0.03764294823709979	-0.7759779973913634	0.3301869956199046	-0.17009362466337216	0.3893424326387328	-0.45900924485667477	0.31817705327139967	0.368805281115949	0.3989069881626874	0.2748168846335397	0.3365795998153282	0.40260669245985825	-0.06217764588480219	-0.1877458753873674	-0.36726766356953555	0.35825188044906925	0.13265811198243532	-0.10816357857822533	-0.08808111928084883	-0.11174522744633217	-0.3410421518868989	0.21769922109241213	0.4848786252310524	0.049228128243415145	-0.029533216832107242	0.060971458628510986	-0.12944990781539253	0.016535281547051896	-0.3326415187595096	-0.2979128301473561	-0.19888664115447957	0.04161121611447199	0.46758109059939407	0.08249414503826438	-0.04493295526628171	-0.20366161337421335	0.2982933715250411	0.3474328131317406	-0.3759245633136241	0.26789349459088574	-0.5093185533629148	-0.07982518336817794	-0.07670286531079723	-0.15567964257647587	-0.3072129387450239	0.01780439753565874	0.42356199080947565	0.0449758727477494	-0.08614927026012809	-0.0453986446910814	-0.25111540541501587	-0.12220201655050968	0.07736854398476899	-0.34575494262598044	-0.08311098818166372	0.390918094001006	0.20731026809921027	-0.3776756110365383	0.23414585401513918	-0.010612045794338939	-0.026333350881005274	-0.3023955071367684	-0.4078717438301173	0.4171688503529212	0.1076672899022635	-0.3066297497956359	0.06814800300837467	-0.29295547942928374	0.01188496337207139	-0.046612548396809554	0.08523822818463218	-0.10695037786261077	0.12615568747758818	-0.2447787980167115	0.372204482264658	0.3383288635734687	0.026192725091984347	-0.10855694822166143	0.11712868837151477	-0.11407548894961943	-0.1485595404368222	0.019512395178264596	0.5421604379097478	0.3034874684297473	0.5340712177788604	-0.18937692691399674	-0.27179512893408303	0.09989626706149468	-0.2491369565433787	-0.011470328058143648	-0.2636806790505632	0.45305043344791524
-0.034536816095045234	0.31804470785876665	-0.6442898308781211	-0.17570914990624184	-0.3126636646551171	0.04459588602180917	0.3256820813060751	0.5336422726625528	-0.031526059312655674	-0.38592216768578363	0.14883200915589784	0.30811247670820957	0.12421658371841193	0.14634282430999018	0.23796391681335363	-0.3462228454349137	-0.17318154244671857	-0.3613935990819088	0.24028865666882723	-0.13209365788333594	-0.10435671421443411	-0.06397520341845085	0.27823111480232204	0.053695329019553255	-0.08377375670790568	-0.12374732217587212	0.2832381825021497	-0.24855827850084905	0.21250140779607013	-0.422759354073873	0.27433873251643576	0.1781344970959695	0.1387562414779844	0.23922737967905675	-0.05983162145686362	0.0617779661942203	-0.008496887156079562	-0.0723661058196753	0.1558987450329668	-0.023958200451928695	0.5976238000727482	0.21899922324045254	0.05968398309266874	0.22441993656821557	0.2880707997412164	0.128730252022024	0.1426812271739963	-0.35697721625624135	0.1560399736415551	-0.22331292671358527	0.28062822991605013	0.12439523587093886	0.31376857753361853	0.011446641791599066	0.06681522147887857	-0.4436936686928833	0.01992990561050816	0.009693868865299566	0.5176156216133041	0.0015635250864055525	-0.045116948021942195	0.1394980454922755	-0.2589217133360264	0.26881982696954904	-0.026979009510741926	-0.028849372296583485	8.826421231467109E-4	-0.21650846246351574	-0.33973520506324345	0.11167016240156229	-0.03990553251658365	-0.2830950917035403	0.14979003725195214	0.06716460085119907	-0.447159885214267	-0.01948819015713868	-0.32663636984336214	-0.06276055831773658	0.0807385160450149	0.10416335236572916	0.23773431669610462	0.1015212981624449	0.5123863990223939	0.14555908215773916	0.06876923755238523	-0.10969506966950346	-0.271716384539493	-0.25415325950904427	-0.4774624138511994	-0.09341830030251476	-0.25840680582734	-0.19327069410612274	0.3144808838956243	-0.5902448401770788	0.05655828922160348	0.2405909358915672	0.33919649771503174	-0.22144445382590788	-0.16306748273335492	0.23401713371130453
-0.2990764572318244	-0.004083951164406557	-0.08983054842105669	-0.1525898213777168	-0.20395829359437082	0.0618700318235647	0.026579134204076895	0.18601138834115014	-0.37007225453045484	0.13065551821368737	-0.3874014826873814	-0.05103527896870246	0.3757270540501361	0.14241990981207447	-0.18048487088874723	0.01528513688306612	0.012247647063979865	0.05045345448534404	-0.12248502977745733	0.19399314372501955	-0.2983053983539794	-0.3893737078045003	-0.037006736900886246	0.27396388548621536	-0.013230569843225293	0.3937553370230714	0.30350606491727106	0.0513511143504136	-0.00358502987150302	0.35977597567149877	-0.5759014695710263	0.14730919566838915	-0.1041263670065253	0.016937407701849688	-0.06785730727184174	0.447799272267266	0.12400053354967046	-0.07632828699552022	-0.23649833123368977	0.13386033128436095	-0.044718499332806715	-0.3289033624201091	-0.23254490585333346	-0.22652014501262974	-0.25034694677395797	0.5011016473318166	-0.20207202771093244	-0.13579268577026893	0.00566819488443209	0.01834696224100462	-0.06699459983815165	0.14549182501409952	0.6941187051903183	0.1279440378798465	0.12578317700022873	0.21710422418927333	-0.3035138601215069	0.1551126787039616	0.20972994906238918	0.2627904150938178	0.02564786774700459	-0.417684099579658	0.15413121622760906	-0.5145274290588968	-0.17426140988989405	-0.19466815808544874	-0.2926420402274014	-0.09060412843100937	-0.03788236136505815	0.1258739797967537	-0.5049752880846905	0.0695901555446909	0.3236193105571388	-0.30119338709580507	0.2092255952639761	-0.21546070068047446	-0.013413993357875367	0.11710540803532447	0.02189755308443842	0.05114846870702308	0.08355950106779512	-0.04190637405437004	0.30964503433084256	-0.160451445724256	0.3307543365278809	0.056739802895365586	-0.005036674675873967	0.3908711042946954	0.0155458909148809	0.2765968232558531	0.045611963601081655	-0.07877747987137589	0.3208983105003713	-0.13895348538287758	-0.43449828603811275	-0.10399537873584061	-8.139710378431197E-4	-0.5509627272021179	0.2582778988174343	0.2166322748479085
0.1667209329208439	0.3318229658628388	-0.0022981009091460245	0.17277793227590213	-0.05986398439928415	-0.002075166938546238	-0.3033316522980258	-0.03665904810526616	-0.005358312210019553	-0.3363446210035529	0.37953106526972635	-0.03550951914352073	-0.10212841737830607	0.5016118064148548	-0.06426717335980323	-0.3929901737804533	0.09095988856866598	0.1753731530281598	-0.003923569659207676	0.27237952650127345	-0.07091667671024336	-0.05088367531115236	0.28128913981771314	-0.317168429014468	0.23297994556332235	-0.1513762880529359	0.25640950601358775	0.04351784859124894	-0.6659443143585841	-0.110079400337825	-0.17382996038774925	0.21529615437126548	0.31159840007648076	-0.18729642667951588	-0.37528039520488216	-0.29649772742324776	-0.22566007201229463	-0.2687519773381127	0.31564272390909703	-0.3758156070833723	0.07531160341448025	0.017150108465687503	-0.011111017482415105	0.0031381479379997148	-0.2957658882844907	0.2260904772514794	-0.2762950560766109	0.7160767053139498	-0.10734220715264131	-0.513578874714697	0.32690056200626305	-0.01354914976844471	0.13738326344046237	-0.16133550980625064	0.34816311029557834	0.013583140974821597	0.1335499667887111	-0.0968003673328	-0.035845405642471115	0.011229916293991728	-0.016308758715717596	0.07434631511297447	0.2672759030901688	0.35645369365905255	0.20628187506612758	0.03191120816920816	-0.0427648825977128	-0.019169273811373913	-0.7986285359079824	-0.0030517375767376803	-0.07703800607628607	-0.017358480565500226	-0.20731453532602295	-0.08957865192756954	0.18209784264550918	0.11077408551378837	-0.30425146470119663	-0.026358945054803577	0.17724909431777944	0.07406693564648545	-0.07608237725032349	-0.3820769404211585	0.04324369407288236	0.38810452488010894	0.30457463165511256	0.36732083573957525	0.07637523607474157	0.18716625172790113	-0.24195432263932518	-0.07066627180997823	0.06668509087801958	0.27673361933432283	-0.44435911806502965	-0.09716652533162659	-0.1711154084712083	-0.40538376459208325	-0.3227816998625514	-0.03375024688027119	0.12134745779331015	0.22651975461168933
0.04809747995681352	0.4341585704740544	-0.2904338914240483	0.025458871472535925	-0.23885718166269493	0.021246193894791182	0.14163935620897966	0.026366635597262832	0.05370979794455949	-0.16501675123887038	-0.15224126800463217	0.10069744160890377	0.3462809662926802	-0.07031718471650678	0.16993559194693134	-0.13407908334511368	-0.32090142010777606	-0.03684856566326324	0.07706370847506978	-0.010703506052080373	0.11763104191300702	0.33435186457851257	0.05345795005047645	-0.04806501152246082	0.05324933114282765	0.31947214075959546	-0.22498587401338607	-0.16278695827621262	0.025801873032122814	-0.06054294332714771	0.1567821894750895	0.1175419176996848	-0.04131949967844111	0.0814945219269302	0.010630110431427787	-0.07990270863571074	0.5874877646858879	0.1891439459216849	0.6756425109392474	0.21434063442929374	0.07139938993162745	0.23508185861413708	0.06182295026015313	-0.028902042249935877	0.3382781779376811	-0.07668759338281132	-0.5021508473076464	-0.23624041236269883	5.674501542003241E-4	-0.1120993128615606	0.36963440414382887	-0.26397736291291346	0.1544132438841328	0.06774470002340324	-0.08912044561206088	0.42951955723399615	0.30018328667210653	0.3363936454681921	-0.10245660138236266	0.06675564333285636	0.006878399078092647	-0.013420615480715867	0.1808060861232664	-0.005855962550199342	-0.15497634861800363	0.31798947108352127	0.06520155753721912	0.015460658869274632	-0.08183179436664695	-0.13936072568721689	-0.8070159782086634	-0.04332356746050811	-0.008155037250904777	-0.12131449149341707	-0.09937065940000357	0.16487143893096895	-0.062115503481562175	0.35466264923508345	-0.09514931997558858	-0.16165854529328472	-0.37043243965485945	-0.09176360956108823	-0.3476403366697322	0.04632200026669218	0.2831206019123011	0.19206022234913064	0.25410664624997925	-0.19142684553093764	0.42437277811972773	0.14439709064869072	0.2717001452257271	0.22508755501236258	-0.10409318933189597	-0.01025936704917586	-0.46322359119795486	0.3991139069733471	-0.1749850027487709	0.17287397992813058	-0.1893030583470669	-0.10286532329183068
0.17634536596364536	0.11998427407705028	0.04184463844359554	0.040790375515435316	0.583255567165957	-0.09154260913451691	0.054604717100134544	-0.16385826196987188	-0.03826017539528411	-0.23651582869100643	-0.21503313605560476	-0.5040817385999663	-0.1370752841307818	0.012204741381379579	-0.14214060815675478	-0.17502769259570472	0.04859797953338666	0.6718488195646801	0.17520500121686564	-0.08912092168501959	0.015213314636783506	0.17327140391005483	-0.1459702549673772	0.4261909557453534	-0.05670013397293614	0.18388252561819138	-0.505330586476436	0.9855368639698198	0.07174302459264499	0.2697198707901008	-0.4259967743854094	0.2974544659203943	0.3064100326985588	-0.07060566212669653	0.10616720488365629	-0.030282470925519254	-0.2332935236527967	0.10172343396165645	-0.3647245109923776	0.2791325851579276	-0.3335598778084821	-0.016867448720205635	-0.5214548134292629	-0.13302687975309943	0.00649184519440623	0.11575794724281821	-0.14409143161119076	-0.073505210706324	-0.114158892119036	0.013167028207918189	0.07151034256710397	0.021085969214897388	-0.21230288964667382	0.3737418673330074	0.27150529039084836	0.31253713081050627	-0.5172720361553763	-0.069214754942101	0.20913412657155864	0.08216174377873661	-0.18969477289551084	0.08274462192450828	0.27499110607529437	0.10296077244866249	0.2458068518715945	-0.10925770052404413	-0.06609965499855673	0.3966011954538262	0.1901802501263565	-0.4521983573585107	0.30620704988711334	0.06544015869466269	0.2684242117928361	-0.42651237657081337	-0.4804226724684074	-0.08458727142572092	-0.0393765516197769	-0.05195950117655836	0.3382625974901316	0.3709481424069713	-0.18397008888488084	0.09824625021277422	0.20269456007411718	0.07366457512624841	-0.16118889301129097	-0.09736034703072703	0.4116732135311017	-0.2778601992960623	-0.13345087679657516	0.3913373264999782	-0.5035981240440252	0.06536512788669492	0.360929448685449	0.22517757591605797	0.06541803370445534	-0.5006326139772974	-0.00854502697975531	-0.3178503606833299	-0.6057685242396189	-0.2709387025002592
0.08956467987030668	0.10255497963345243	0.42943475037194806	0.05328751484828083	-3.5584947219872634E-4	0.3439648776594724	0.23087077262234693	-0.462156523810541	-0.26839659470693694	-0.07137867185021912	-0.10670468678802353	0.22627988257800882	0.161173227672618	-0.03887480532878781	0.009223441632193404	-0.3233402184313111	-0.0662196901230747	-0.13059567878302186	-0.02350409809313803	-0.2533159488189248	-0.07994298486946236	0.5633470463455301	0.037076864126279835	0.2505779984807796	0.1649210576265461	0.03945400442014691	-0.32341631348334127	0.2593114948235627	8.083648863423637E-4	0.020770830060965268	0.13693192233199233	-0.26014418722371446	0.05766281297760437	-0.11844296547602269	-0.020526412744974767	-0.217336001842424	-0.16968759051917598	-0.03762069643967873	0.061608487586533006	0.18100445088410486	0.2709344351694081	-0.03897770564571493	0.2649647853969308	0.356376085580085	0.44809772785382906	0.22327306972310462	0.42091949806351925	-0.0020918135484318105	0.06412045113646705	0.05977346246561644	0.018882081401753303	-0.37074326608680325	0.08695800427982138	0.06701954978632484	-0.0505633594855289	0.15632261489221738	0.533981916693427	0.05108670013238613	-0.21949883985522445	-0.038127498691228064	0.14752447209570485	0.2160147624774607	0.21692251273022853	0.08372738862375981	0.15619649663203658	0.22111330798188406	-0.010676485043910042	0.39403859513747364	-0.1860424091000919	0.22219850249185444	0.6094651772821369	-0.49513767509427786	-0.1381535048394866	0.17828213701911075	-0.05608230135326727	-0.3340036043338932	0.03018781097466456	0.2914205836515202	-0.48283293204447475	0.1984560431834673	-0.025307398813128698	0.12888206433416502	-0.23103899169721062	-0.24811012034480406	0.10252747602164057	-0.04267956560956247	-0.18449685576779765	-0.17996316633806234	0.19106697799452133	-0.25133957673311336	-0.31395403415528467	0.042978003953027456	0.1429042686890284	0.05559570255501743	0.1897333196171743	-0.4198155389706489	0.25303213179935047	0.36510727330793374	-0.12061732366784556	0.13938472887173736
-0.3290935032284616	-0.23339664952752248	0.13287395477032318	0.11011927002462636	0.40595526222222156	0.2980470982713273	0.2573646342667171	0.4242864820660899	0.4256127311135765	-0.045374918571968646	0.1869600780235251	0.018925109120757674	-0.17059322391945278	-0.0788656570863046	-0.0378491468152256	-0.19810089186977467	-0.06811388728118979	0.19439023698865757	0.09444840106867008	-0.007852215172134252	-0.05663358315387006	0.12218601787079468	0.7648346651054976	0.1440038462719127	0.06833608198992366	-0.2426190666196079	-0.2899992584465749	0.39539848588207654	0.43171316350979627	0.0817388354576036	-0.3320619148368535	0.6736089236866979	-0.36939438274280056	0.06483461238800672	-0.30524559654133504	-0.04597904307388643	-0.024682254987683134	0.07323612475491982	-0.005198521051561648	0.13123054971375725	0.043597905899476326	0.33655673198222824	-0.06739154346889546	-0.19040596238818708	-0.047707456043352255	-0.23568568998995404	0.015349067867810465	0.001939206625500506	-0.4885818662747717	-0.12581331327742848	-0.0514489596326536	0.023174241291371793	0.08262725847400154	-0.1162497258816545	-0.017229366524155933	-0.09361514030473347	0.0026133262984835218	-0.43651073677653	0.27800764391530136	0.04261641364979088	-0.5503456002077228	0.3636767622724226	0.34421848643677855	0.06503494187945778	-0.30484118718374104	0.27424824530671493	-0.3317803584426918	0.20813026550494498	-0.14181172952095997	0.08101919058546504	-0.21144979919116805	-0.2574751187770447	-0.32452576958610396	-0.31677017194241286	0.12618470234024412	0.39647211187380416	-0.2008945709879068	-0.40348326566039583	0.5743592090578855	-0.026931917417398178	0.3588306412186085	0.8702885263915648	-0.31938319318334296	0.12085884562223131	0.23933432520447975	-0.083405766718017	0.19619436071074153	-0.4571406064291783	0.4350906036549843	0.04540083966886987	0.16460973955112768	0.20066946545781605	0.20003681500839818	0.28754372931278577	0.1600539653103761	-0.3220406312125547	0.6002698762650138	0.3129241064957111	-0.34780207812159336	0.2804406634922127
-0.3034878386975013	0.2003805723914003	0.13704276505385762	-0.0971225132005872	0.039913012703167994	-0.10587956920846077	0.4696520676536231	0.23145852116958004	0.049348633570378636	-0.101443637046153	0.4788281494306945	0.37490746604041475	-0.1748442636101344	0.11611789160182354	0.08863980788572463	0.07972432118015903	0.3462454154444393	-0.2433780557636523	-0.20008627522070818	-0.08328742830318936	-0.07108035846333338	0.0707505805173775	0.09616308587595597	0.21875675729393135	-0.03717112283731973	-0.47812783453384006	0.3328807003468405	-0.12244660815439751	0.08450310943743279	-0.17877431266909077	-0.0879357634802086	-0.1918876018381457	0.25590887289401054	0.24082727652760072	0.5182718824713022	0.02079046591606483	0.5582834601803977	-0.18395820260665727	0.27188314728513957	-0.0895497545649399	0.21031384838050166	-0.12076869700019696	-0.2863574788808598	-0.13826913547557715	0.02148389168864813	-0.45784355109248265	0.24998933062067288	0.1569194439863041	0.09154316019274103	0.2597477762906181	0.12860824137164004	-0.1744254272374446	0.2745505469507855	0.02397325323637701	0.08426334709902177	-0.34097831339625156	0.07455294019613405	0.05889399965172784	-0.2598783643481919	-0.4967230507096598	0.21060985687317152	0.12966683089626693	0.0840121281305468	0.09619682899315331	-0.06422462727434344	0.39499213090871044	-0.019636412563807604	0.18014176499292675	0.3464364819643795	-0.12263236494450604	-0.11493092353783027	0.2072250046258818	-0.4026001129580305	-0.18133732205829717	-0.06026289675537042	-0.2258865097366624	-0.09838129191291019	0.5298318252790224	0.009072748354735859	-0.3616343541490413	-0.12018667986440403	0.029032376395796054	0.4226632842840951	-0.13572626259049433	0.15700035070841006	-0.1648243077139838	-0.10323159556232314	-0.3933849971017687	0.03876438348213701	0.07541341796818164	0.0599179617172889	-0.08814178291304836	-0.005152440290075635	-0.07691669256643935	-0.3029809410354961	-0.0661084599526427	-0.015364548064096145	-0.27244092186627356	0.20129524241545813	0.3621417847062293
-0.39898424497913915	0.019668634379237694	0.20061833483033883	0.04673348676783864	-0.33936439321916456	-0.06525215922156358	-0.26879833257778246	-0.13055952496917406	0.3304795933839964	0.18631669383262195	0.20083916179044936	-0.4219483434374248	-0.11047190544887021	-0.10853197191758403	-0.2809958203118314	-0.4249707161055684	0.2972267031720403	-0.08249211867226076	0.32930265461693253	0.2536061237674176	0.26079638230990354	-0.3371518363228286	-0.2662824795425289	-0.3118335965583337	0.17815208668396296	0.2625676975682818	-0.12818801376689437	0.2441662136509766	0.36729505675303087	-0.25898916055624105	0.46766921018364127	-0.1551390993885691	-0.3030537785196166	-0.17937559923588886	0.261315080036188	0.19855602717972012	0.4912094459693441	-0.5520455256784251	-0.11332416088568774	-0.030423701343993283	-0.1891144897534057	0.07747969974233536	-0.07397361774647636	0.07595899096860494	-0.15831443312399918	0.0706997305916968	-0.22185108086423325	-0.36032397234293767	0.05076606631059615	-0.0078005449151215085	0.8554351982238583	0.13748723744328545	-0.34401240826767493	0.27649747730155755	-0.1512245921185902	-0.06899839283470538	0.027129988008413226	-0.13960428188370338	0.1775974469934466	-0.04266011203869347	0.31968413829270526	-0.340552206833495	0.2138683142490211	-0.13800314883461054	0.11119876742304034	0.1118044070660606	0.07847073505476224	-0.49704393180117656	-0.20189489851424525	0.38788193711500507	0.05073080640721638	0.1908145084190073	0.0817917794676268	-0.1531603715550386	0.47817986031463955	0.1298142077259671	0.28149463979405204	-0.2132066274980216	0.03949413210583493	-0.33713839235643	-0.2252443602866865	0.1653794831036793	-0.3039453054392041	0.1690528722164731	0.15680432130667615	-0.1789948333455462	-0.07943779461435896	-0.39770897128818045	0.31182296264610043	-0.2658863336980891	0.231784144165739	-0.05595020694421327	0.023042488059533683	0.25887871355264025	0.40988729822629294	0.25280524816230443	0.17974168041440974	0.17945691584081397	0.37973330979197056	0.15361767118753317
-0.014986530705806684	0.08099876969955871	-0.0895887514428242	0.06891503247133007	-0.018623874308939078	0.06282565179575583	0.05111647719235557	0.10965308209370773	-0.22793106088468856	-0.004008111838382016	0.14267455785741856	-0.22751244378865979	0.17386886284942923	0.17455078179984865	-0.07282927575757998	0.09333756727630153	-0.35568340940487664	0.25479616878128775	-0.13192981776464258	0.5640023978729012	0.48258289206851324	0.18961880127215702	0.09074379100952736	0.16968308348579456	0.9482578009697146	0.18627279823395793	-0.1476545939396426	0.28864685540376295	-0.21540034686715973	-0.12021320911348889	-0.29060775260799493	0.07782549239237523	0.3284199728415038	0.0018262155443619437	-0.12300112783282667	0.19861185014999325	-0.007507863109481933	0.019476733777540167	0.09957243907217293	0.46981926473481245	0.1471209120931773	0.06956371614365564	0.35427768241255675	-0.3657061112370195	-0.24951266153818324	-0.051502050208399965	-0.3667872072552609	0.2037171670594988	-0.07745693652207339	0.02876049503773644	-0.22172091411263758	0.161066729173284	-0.19243498345261692	-0.22808319745446431	-0.4203873014480196	-0.034742573546464636	-0.11282131841883306	-0.038230911645062315	-0.13777160840741812	-0.08284303529046849	-0.07096568112874513	0.4170897011624675	0.14542721543969644	0.07141370852520777	-0.003407549364399206	0.3771300520168514	-0.026352359524691598	0.23074517033535658	0.02501963580497907	0.01776400436805105	-0.08068548748490802	-0.3813778457885666	-0.1363909650295512	0.4057320009876996	0.29301499512307705	-0.1856569942446802	-0.15532205401623078	0.006603063884341288	0.2036079578953782	0.06301213647298616	-0.2574865915684613	0.46134015238176174	0.3227128656914903	0.24901685703403043	0.2213804921327114	0.6116687607107215	0.22203164890675467	0.5170299816863035	0.09591350777151328	-0.24068532704908838	0.01074384720346892	-0.14438747005127414	-0.019514711249654267	0.2229654806653622	-0.2900755328118543	-0.21640632834450024	0.39844960710756044	-0.05851622774951953	0.010394223860219317	0.03506942179402811
0.09730857611058186	-0.09958327602528336	0.2930484550570673	-0.23030237239009096	-0.10252220451593066	0.24556025561641387	-0.04671064576508829	-0.030494069647413382	0.14538005762356468	0.47547704422866277	0.540929862348982	-0.3127790165132578	0.2316272491284337	0.4097355199578433	0.3851298798369102	0.06969595103152454	-0.2955484781451349	0.17780169521020295	-0.002973560914265442	0.500619750601583	0.07827151837841231	0.2676880956085729	0.14803209008969956	-0.1583052876281259	0.23295183820645296	0.10095696882822153	-0.10868772258585534	-0.04830402708183563	-0.04535609528538663	-0.27791661003349627	-0.06133958161580157	0.024251022605030065	0.34224256165705136	0.3521703645213876	0.1324617394116691	-0.04073022237279751	-0.36963442863599233	0.2597782763000409	-0.20825694428185512	-0.16753769810022942	-0.08385055219824117	0.1519449101647101	0.05313377510168198	-0.24707838269349702	-0.2462021582050149	0.25378320309094404	-0.21533869649444126	-0.04842123669976765	-0.007691247338865544	0.2614298763018013	-0.12859155932930771	-0.2203017499558607	0.19263198554878333	-0.3144061935508708	0.010657138560170278	-0.22989688335598946	-0.2001466315422332	-0.1562305558147724	0.06685951134242499	-0.4023914309398622	0.0026357043489655366	-0.061153865734927114	-0.12112587968038166	-0.22364144929064278	0.147410296610479	-0.06119187319626103	-0.39795552941286794	-0.22533892152104487	0.437558601834866	0.41214662005076463	-0.016448563855845356	0.22506843714431954	-0.21248913098640979	0.16368463789082305	0.019757600202553283	0.05235626660406453	-0.1128838500467649	-0.031072254472062435	0.06845052734699382	-0.12110327808287122	0.017599570192709694	-0.4185743483900648	0.042113791870437324	-0.2022366440845143	-0.24841374245115672	0.2786842421931268	0.2736822352333334	-0.10013822050168819	-0.11048671432533562	0.11461338335292066	-0.25689183461732185	0.4459543613208816	0.035402087196711264	0.49335692829095174	-0.10106108083380898	0.21578091566332416	0.09109944311479415	0.3590660832924974	-0.23013487536404298	0.46918785375745875
0.15305912492911564	0.09489656618023753	0.26417548793586587	-0.20546227172152848	-0.02353301502445984	0.3162342970954052	-0.08587172959681781	0.3963627729933808	-0.7267554102293851	0.19243544767475107	0.2746209545548957	0.010573883283247994	0.33633623370571064	0.5452936650074186	-0.12780998397496268	0.24492270231744986	-0.6928961427484239	-0.41589630597535343	-0.001074920306665224	0.007222850390055046	0.03750863948785232	0.2807368444785867	-0.010260408364769128	0.08383279777731867	0.3000769061515306	-0.49436613373990196	0.10555520936681355	0.04926957565333161	0.014909510801089649	0.1151212954035374	0.10904195907674663	0.008248138226144173	0.006895520862329861	-0.07725583532866825	-0.18876147546499586	-0.15836751892826717	0.025102648814584506	-0.4371270412561151	0.048800568033977074	-0.05833277378605171	-0.294580944792342	-0.2424624808242882	-0.07138426516513631	-0.35524345533766327	-0.18362388343682576	-0.14683999873262318	0.14681099283683205	-0.006162402342222816	-0.07443739338311514	-0.3034024507794769	-0.3193997430844423	-0.011697166375807772	0.1973788631286506	0.32893414021056644	-0.07117093463932368	0.21693718345255472	-0.18724965031777838	-0.22779421720028553	0.01721948403573674	0.03419900436492526	-0.19124956388261727	-0.3621993656307508	0.45819438471620394	0.3139385874842212	0.06785686256229667	0.3869269315934812	0.2734758421876937	-0.12124097998606212	-0.29685979984528293	-0.34728807978255416	0.07829090731394649	0.25970011475569355	0.21551631689035125	-0.2458736175761685	0.018209502923610746	-0.0947455165263194	-0.6330113891179833	0.1282689923094749	0.15244647585424645	-0.688394979518943	-0.5061818618638193	0.09623517863246456	-0.11297901171127321	-0.3079026702390686	-0.28863293666818957	0.25444836393136633	-0.6077153745745966	-0.11679741952869861	0.11434930351922563	0.37452584970692065	0.011310380137583682	0.19093834170499535	0.14372022845007926	0.26626602444699404	0.35151577704967685	-0.08989713601861296	-0.005376287799358907	-0.23478670542161129	0.02962344451939074	-0.2762033902116843
0.06608998185605054	0.052220212955593336	0.105225914036997	0.07969890407260494	-0.02240586269807783	0.3590248668464634	0.3902005832599365	-0.11186322729886662	-0.22053397433717709	-0.12804765328877726	-0.035923392115008175	-0.08157478690159219	0.0950358213927828	-0.29736639357918315	-0.025796862934911353	-0.13818814978130878	0.2658225177165777	-0.5747873185046589	-0.31707985244908327	-0.06488402952325449	-0.014622425979287045	0.1841689645934498	-0.0949790204035253	-0.012619808859203356	0.0561055118705666	-0.4159590896717235	-0.14675760129193696	-0.30909830133151067	0.1340750463393219	0.3091458078860411	-0.13105529123408896	-0.1502869173331373	-0.625982705030169	-0.33670521290018024	0.07130769788032343	0.18128985460453467	-0.0658740850028068	-0.008047986912854625	0.09878272464987785	-0.3157428886623776	-0.026870177097197873	0.3784251825926358	-0.20268388207550464	0.04175825435565797	0.1570491223548239	0.4049743504124238	0.22256997770780457	0.07793395887809235	-0.25936680752691466	0.08481787004381197	-0.40118104753812195	0.06408155920860749	0.41570160510869525	-0.08286185346604624	0.17108340159196306	0.47661158268309817	-0.02696525602806621	-0.07265032586455442	-0.03605045400742683	-0.24159429078071848	-0.07471066023391845	-0.2874607557864515	0.2475397389191964	-0.10494286741816529	0.07542930072512766	-0.478848434655888	-0.036053282596679455	-0.14879368575721363	0.14420304316572233	0.34353042002411205	0.30039916239698694	0.06837802345984005	0.3002176617248322	-0.5339863531549051	-0.2091349455631673	-0.5962249238392364	0.1438335632782017	0.06447970397783664	-0.09254824438051694	0.09376216133944573	0.18801376319025956	0.26491082135572935	0.14722129769914238	-0.1757556421165755	0.002185447709000123	-0.04209621869808957	0.0495733925700696	0.03571739781210577	-0.10416448512769975	-0.13076086116744132	0.19571823163470964	-0.6408006956331227	0.42087524696755096	-0.37890334881546955	-0.23803995680452594	-0.2476832346768659	0.06036062662822802	-0.03111709864507553	-0.1314103486948846	0.13605086570115504
0.17125329653539348	-0.032877807881158315	-0.23455950755722427	-0.6235887199227165	0.016820708953024413	-0.24168228011656617	0.19850002292772137	0.2823594343331316	-0.1376902080022419	0.09435923663509982	-0.16338558249832244	0.37971555293849374	-0.11417063980754381	-0.4165683470169775	-0.0376674187421683	-0.19870424858347302	0.2809743417111108	0.04084233595556819	-0.47297715316739536	-0.013140840760039952	0.17052756258210577	-0.6400124315365766	-0.01205464870452234	-0.49181760101392574	-0.38639906394220946	0.27158043385677133	-0.03250355957716898	0.13737249363258766	0.2193862605314212	-0.10097046682278064	0.4689099791510577	-0.5452746606031779	-0.018761506034806186	-0.07508055065331895	0.21671645346407528	-0.1892964172481373	0.10314489493750367	0.15934667157649318	-0.1952611476681445	0.01741558589300712	0.5631835346886002	-0.052348928085953955	-0.016740615342796066	0.04944061803382409	0.4787956467127051	0.2310749431644622	-0.045528786022227	-0.10376038894065595	-0.25554337681417727	-0.5990404643980523	0.14130850010019844	-0.22703156228533294	-0.10634828802149397	0.024936607035158247	-0.06891297855122844	-0.10783159325914594	-0.009751415262149468	0.011933229918110196	-0.4244608264881908	-0.07426843055538573	-0.12485220674182436	0.007045894108178544	-0.1903156500062453	0.26660220103155785	0.05793083977669869	0.12558623921294867	0.26364087441287115	0.223072419549969	0.017333029592517302	-0.31086529524291345	-0.2856849614574699	0.05518070731812863	0.09390422379377693	-0.49026181471543934	-0.22578522734587406	-0.3487602544300346	0.18725703581641126	0.3227187348646508	-0.09834754023747448	-0.3624378614360412	-0.42564380285955966	-0.019409263233621004	-0.40786912845889334	-0.10777749464252087	0.018491407631655694	-0.2363755552639467	-0.02939642756349337	-0.3445863315481217	-0.3273304798516239	0.029116531684586076	0.28021654734010587	0.03882878630140033	-0.08000160113314261	0.19890906010926138	-0.22693737437093994	-0.08604541292682512	-0.08900547497942266	0.05792865253567587	-0.2593136765271338	0.09052618724701791
-0.3214001982448579	-0.08342127573384508	0.1996323594062113	-0.1183849296178264	-0.025713134389392465	0.1134953183351364	-0.4743955677499314	0.23193744550669002	-0.30248541495843195	0.06168688319913465	-0.22024674154710058	-0.053285174813778056	-0.12139400969841865	0.3662385723774413	-0.156602875583559	-0.02976675534385104	0.7236003227854045	0.0017495214149937112	-0.01914119242561913	-0.13127785771077236	0.2645906074875199	0.05674704674720807	0.1781910074589276	-0.013738546759176816	0.411196761793184	-0.036445233971255514	-0.3847805308483028	0.2139195428091436	0.03000893506500958	-0.19641564463644132	-0.033346449279529795	-0.3127035369673731	0.10368711852688495	-0.11425475981213612	-0.02862088833166846	-0.2199781180527946	-0.33740223590564106	0.0978798728952569	-0.07783518578913332	0.36178877629137773	-0.2863052380340136	-0.11352828628662198	0.08442170130618569	0.111765151075247	-0.06701408881409923	-0.1388987151572212	-0.2579232426347194	-0.037969449525930336	0.2427511143326686	-0.054214367181461894	0.010732183382935093	-0.3113101646276048	0.262015345550339	0.31257353573266783	0.21197093002522427	0.08168043976745384	0.22353207074587159	0.15301814550965537	-0.08399941882382798	0.44481016589531036	0.09013481095176969	-0.022419701605692167	-0.05909979572105868	-0.04266615445981573	0.386928727636459	0.27904214072383976	0.09261101599306958	-0.13426129655291066	-0.04060195414009689	0.289517582321399	-0.16381581526176586	0.2125193602645776	-0.06185337937789343	0.02731349243673802	0.17814893867758613	-0.04124610923480595	0.0712385136954981	0.02576867832448457	-0.050375813025550394	0.041682847851686904	0.32990100461325345	0.11365871517095676	-0.27053710420467836	-0.18044820351569377	-0.11282870993568914	-0.3144243551951747	0.01706632875449354	0.007008015422510806	-0.27839904564753715	0.35964002557065905	0.5486550509201162	-0.13942934187054756	0.10546599070235774	0.1568372001056751	-0.2577305829694697	0.11911044245334082	-0.5199587889748962	0.06435185659365412	0.2628226185999681	-0.35977435159322335
0.14744157353856616	0.28136280898613614	0.0773939169682713	0.2294661968825035	-0.5513637581962564	-0.1796786009000105	0.21711322386262177	0.16357447863889624	0.34214699494749806	-0.24329422952616808	-0.22699159172265107	0.04516752740357635	0.21962879071952907	-0.32189669346313793	0.3876209014507134	0.24596334896986474	0.08855915885380647	0.0584173280424374	0.046884173119360995	0.014725110158458777	-0.03607138476387687	0.16373516419498255	-0.15642288154534703	0.009163086852631518	0.013969064245150903	-0.3566465545976738	-0.019104513384538186	0.3036521498061642	-0.006658006193245908	0.36497422241621386	-0.007638372024308377	0.2967564616008932	0.13800841209130854	-0.055730323562457905	-0.22829278699283212	0.1472329844540375	0.40299907763985543	-0.20960922039819652	0.28473261669762306	-0.3027462812901717	-0.035471804201652544	0.23112026501435862	0.11826433819468853	0.3523986248772587	-0.10364994282146064	-0.209389681098662	0.011836048382966247	-0.07861368876251282	0.06471487778260168	-0.19258853013142294	0.095715497659692	0.15066076541489515	0.06032311845925141	0.2321258833552249	0.18483297683000477	-0.16514064228715927	0.039273769923327546	-0.10012618450246594	-0.2627743131440358	0.17043583485427344	0.24707854623858697	0.052087080727013	-0.17003028741734807	-0.31359509300325494	-0.1411405373947772	-0.2854692696628991	0.24219160180257313	-0.03879447238869253	-0.31824755075693156	-0.20798322024979488	-0.4920211612769627	-0.303515669182553	0.18109382809118293	-0.385911232547151	0.023924434361641943	-0.04467543108164808	-0.1745480959626014	-0.14938495281213796	0.15380156672014594	-0.0014138914909678489	0.43139114729239136	-0.6394785217908484	0.2519031189650244	0.24064078626028812	0.36113225408568006	-0.1246187325071373	-0.1629814633243394	0.11918307628084529	-0.17629881399900105	-0.23458953977746994	-0.06640262250571984	-0.05770560667926969	-0.22095701480738072	-0.10839158533060603	0.3376358092101064	0.23873150735921625	0.24082428884791915	-0.24143728973887243	0.10678924452173742	0.13763158231812608
-0.14344761263939387	-0.10029029302715997	0.2737534633926961	-0.022932134439005734	0.08377720410394625	-0.31308505148626325	-0.025299680751079995	0.3090355207604511	0.03461688757494473	0.24561972857481226	-0.020692368094094783	0.20793881439887213	0.13526796111003242	0.10215090080201189	0.12082468382961428	-0.08729538528970184	-0.09496871241824797	0.08250967978175248	-0.124119992371753	0.05066371947523676	-0.03775066162342485	0.5280143257109902	0.09278551090176358	-0.6765929817449253	-0.04778736111666056	0.07392350310099721	0.08265361805855494	0.05255514213987833	0.08310137313051487	0.030835318265317727	0.17007618826179774	-0.1427837787256238	-0.5925601328196428	-0.08187688058438408	0.18668056753735268	0.01778414891394029	-0.08898933826624501	-0.2217238325988831	-0.07931057775016237	0.06622519969411375	0.04750609217241256	0.09980396251471667	0.4395516057989577	-0.18457084916127814	0.1942454713850714	-0.016896353776856363	-0.20791352838005414	-0.41701370344077293	0.2080638701019051	0.39390565801009353	0.02678791741049537	-0.18481586417170848	-0.09591822379008239	0.11394904469112302	0.005407931394736804	0.4317584570881828	0.10884217643960649	0.19143113179084092	-0.04639706982033258	0.021385739752046426	-0.037582642983002144	0.049610037683912846	-0.4543627443419287	0.3113610158340806	-0.5954206828454202	0.04346998180687132	-0.19947557253540538	-0.5504730335453406	-0.1410988162970166	0.042019438889967356	0.04810846496693825	-0.2820649518483042	0.15409958417073727	-0.6145569480877503	0.28879037335307745	-0.41572016137800566	-1.0257795247925651E-4	0.05868566531814869	0.30754568212204086	0.1931746940755855	0.4035854708626729	0.01607577413226708	-0.4163231048388134	-0.36070449524637105	-0.1464935658174643	0.04129670582618365	-0.16763193598393278	-0.013980636449283428	0.4380495936775028	0.19473877918615265	-0.3704033078222433	1.4546288074836835E-4	0.2152359629489942	0.03638603481130517	-0.27661877717255257	-0.20469099161623486	-0.008062687259296614	-0.07466325706749301	-0.12144110409016912	-0.14144554657585773
-0.3059732718268936	-0.46963081386608896	-0.027921865278703252	0.00821315135845337	0.4633832488353426	-0.27650314192105013	-0.1760186058095033	-0.003985586262370629	-0.04778575630145026	-0.37036480954952894	-0.3495918795701066	-0.30582600504191404	-0.01103173795772594	0.21503897734398883	-0.03048132285460685	-0.05510927309745294	0.13067711555099484	0.027953045332040485	-0.40226575765419736	-0.10698934860344526	-0.32537103039436577	0.48411471184924576	0.2864771569477319	-0.06455473827520138	0.5961912795884198	0.4258036848726939	0.1447894426844911	0.2832709417833457	0.30289099481230064	-0.025056178020445193	-0.3512190205543831	-0.09738829790859384	0.36812235064829907	0.5692876872002984	-0.15021432928967782	0.33053203446668444	0.3362472238568193	-0.0390235266571104	-0.024036168415006477	0.14350143189505013	0.37904420331968947	-0.14114956071200163	0.08378775461778977	0.28476148838520293	-0.387656443845235	0.5416342591864352	0.24297574172869227	-0.45543068853210705	-0.028435744467815077	0.15154387069401984	-0.45757938178087504	-0.12328547032647282	0.41573731038156153	-0.048119435267663206	0.03431951550670036	0.1752402397899595	-0.2602872885727844	-0.37202914188858277	-0.03332374963047299	-0.2042536663243339	0.06326776130902874	0.4006895428649125	0.004882326044899341	0.5884082062939535	-0.1418698654457734	0.12881190069559273	-0.20368065811770658	-0.09107449243027002	0.3514968843157564	-0.1175780270960438	-0.025019786034968055	-0.73340279618207	-0.08812266188018131	0.27049104920782086	-0.14198143404803484	-0.1213839327741717	-0.3123712299696673	0.35079692691295195	0.018535527024955402	0.013816821013319916	-0.23451516344362072	0.22908883400198135	-0.19086278037226856	0.37361231489451946	-0.22202089946049625	-0.11323585310104357	0.16114812075682122	-0.5178714448956762	0.011996864756441152	0.07436005854147625	0.7551070072232413	0.05008443494797699	-0.7299888762495779	0.19226193115470205	0.1275623958235208	-0.10432993417543307	-0.06794775668975163	-6.469715413937615E-4	-0.21148803601881377	0.27745513468303945
0.2725335578735225	0.3994420627264927	-0.16032398118391264	-0.018313639923314196	0.32683962503787617	0.06980883565522665	0.11859812398916897	0.20907057085155475	-0.11656220814288525	0.2560241647633973	-0.045020079624131876	-0.06182190188046365	0.150233503498356	0.09565061084459944	0.20693848833469594	-0.20269539595611075	0.014415043165251303	-0.3240602149656967	0.2112026684744459	0.04537007394122272	-0.3615498388613057	-0.12164035112623639	0.02223135863289907	0.026805897416295726	0.30236870142678246	-0.6151291540216184	-0.4300036732086151	0.04749388023932636	-0.08504327283732267	0.2813156756364206	-0.20446597467027167	0.3973953184640314	-0.18112349280896983	-0.05789162502646048	0.5061169764055061	0.23898626520229016	0.015061705128928479	0.10380299172312413	0.2940436329256547	5.405233946956816E-4	-0.3925902236997936	-0.06643490046160383	0.4416249571729438	-0.1821393342950343	0.22285162246793014	0.06580594199564278	-0.24126246709730323	-0.21951405187376183	-0.47965942918397525	-0.43427663758320134	0.22264677265779406	0.08694965568538596	0.16641218178151543	-0.1545989776212744	-0.054875684044248245	0.196448583181689	-0.2976450366975168	0.14247181424969743	0.11112805227470306	-0.29857980808443246	-0.07708228022366424	0.4522616573064397	-0.49496860044337704	0.3252676620360943	-0.18871717460570892	-0.18911587019533665	-0.0033435199171176692	-0.03634464237479149	0.10777283495445739	-0.12317206047475886	0.42196717666092604	-0.16213673529056857	-0.06281658101829331	-0.3229144925053426	0.1418643423777364	-0.15662436693314652	0.034104095147437466	-0.05284638708833208	0.3135273523822185	-0.17068150464458545	-0.13432374264458613	0.01883164947163928	-0.01673844163478224	0.19169721209992854	0.12160569230051768	0.08143002776844219	-0.3080684339684834	0.11126516278135327	0.2072280473364332	0.3569512884707541	0.11083735646205808	-0.11633789368599226	0.07228484131682096	0.05144895503112925	-0.3014038694298551	-0.09761288885966463	-0.35263254106149805	-0.44623110204398814	-0.0063437108979532515	0.05309580704923725
0.2044665216278976	-0.05050802906547297	-0.09524729879482957	0.008752733106104077	-0.5177449735082316	0.01489065985406634	0.02911311323528909	-0.08718506618781438	0.17795321833628897	-0.3080914351741379	0.25049068678675734	0.10246130231410294	-0.23754402270221228	-0.18002830273666184	-0.05897566614944237	-0.051068821682591574	-0.5797605021568436	0.31502089528245714	0.17391256333574184	-0.361735330492289	0.04422051900515863	0.0883588343441793	0.5077529315977496	0.2427337108263325	-0.2491927452792059	0.24722581134045613	0.08874366576074903	-0.22255683667387605	-0.020865666889584397	0.25835804622612313	-0.022097214061624897	0.09681466816998889	0.14424981061528067	0.28935441406092066	0.5215125902580882	-0.1330966128251308	0.27823923766635333	-0.6407788219295202	0.24612898105157233	0.005167847804747843	0.3507954501321976	-0.09335704295881907	-0.14585216253126865	0.06037704703741699	0.23429874508730675	0.20846272012784134	-0.3915125120508997	0.16629390806200137	0.1612981324615687	0.20097233970197437	0.04891206644048465	0.11500347087697736	0.08600031662377154	-0.33212473970944556	-0.06344874962781341	0.09201026451388329	0.11497482395719501	0.2128952342903391	-0.13081662964080898	-0.43522724958186854	0.19049609628636022	0.5300134713390675	-0.004670482350312191	0.036285457426138576	0.027330743344217808	0.0607526016020463	0.16982714510532207	0.17296839542946796	0.5631484283112905	-0.21353860948824174	0.26768080776533953	-0.27386086520805325	0.28185948511920783	-0.10557566043743108	0.15583019279847338	-0.06463401044272966	-0.5177775482174689	-0.07151332330952657	0.07850157082753244	0.44217375890087846	0.360579857039946	-0.9945072221827351	-0.25779518409265706	0.3560959821954107	0.4450723225058233	0.3667560207905214	-0.16553554885504593	-0.2382415365898991	-0.4924181824041416	-0.11654456892871762	-0.3784962978061433	0.18863979280566145	-0.4227496422911622	0.02732557720148567	0.07743132675739155	-0.11645804664427528	-0.39044310548608213	0.2520380264368905	0.38303374822320596	0.4377976244819667
-0.20023592733386292	-0.3812813486228639	-0.19386250430734817	0.2660552773999787	-0.19395415141557695	-0.06998921439715801	0.04095117650268886	-0.00907295392927757	-0.2251053800470382	-0.048356796420941976	0.02546849083835012	0.32952021969707757	0.024480393185422382	0.30573038097621347	-0.062233557095616364	0.010440765952168855	0.3844772891944491	-0.11452709729095287	-0.13537793317119734	-0.004028334317401073	0.16239668991841968	0.1311389471785664	0.13258761351391374	-0.4208962993890974	0.19159287037484352	-0.39708754153013326	-0.1365121312749364	-0.42382057695065856	-0.20645812703972302	-0.0629377272868619	0.12145499942573033	-0.37680014927916283	-0.20259065728030132	0.03938768919852087	0.05330378717923859	-0.21506532933335937	-0.0656492321641546	0.2501470538200405	0.5316427649650066	-0.3125737945937025	0.0607162187742364	0.28275447516876356	-0.2876140901345561	-0.01602431325933478	0.06306572495733526	-0.45927972955160545	-0.16609439310514673	0.2774411067223929	0.0915296830903947	0.3989063183376943	-0.2929858852729807	0.29779996466944125	-0.09912562395475527	0.20991522046478542	0.5585311834837121	-0.018055024026026156	-0.019369024905841737	-0.3192187643145578	0.3870218743076788	0.02553638227846635	0.1951014083664532	-0.13524443465124283	0.1343915013142581	0.10834930569394982	0.0323526109036464	0.029735353749804953	-0.11670626747849588	-0.1913408876288212	0.07708797823072752	-0.1375127476125499	0.21889883036526414	0.22056054790309534	-0.19434214524707244	0.13637395768173802	0.5128891083705308	0.20879664121375816	0.22482090571650298	0.41077817822393303	-0.042666862269457824	0.0026382382870844445	0.0881327458469039	-0.0035730145742433467	0.6720389556314359	-0.4259697150031005	-0.1678839672928852	0.6124852598234793	0.270031111387405	0.24553494320084493	0.1422534327462838	0.01157873737467266	0.1419572767126107	-0.18074215720898137	0.2949701417694052	-0.08047970760158216	-0.020666720352695792	0.12384552925857328	0.20335574720518257	0.06381513739968389	0.2732219391617485	0.03884840820922268
-0.5054094674789336	-0.04091405745651452	0.12597204135893592	0.14416002800608985	-0.4341228789547364	-0.030518262216644127	0.037271934074997494	0.04129839518336369	-0.27882129504063313	0.07632129752251346	0.06246686130155778	-0.37668471192066516	-0.02321526035269044	0.29629664449995935	0.2877068391466501	-0.08140949455039508	-0.20261221184490807	-0.0630621883892401	-0.06096891934368889	-0.08414332824529872	0.3141824921276175	0.10528128472498126	-0.43855772439407575	0.07119977431025186	0.14966279263390533	0.21394779623839338	0.28480007246008177	-0.5688643849232013	-0.29472707538892096	-0.10550833690756366	0.1749945268936707	0.18783245210897806	-0.4921809666907968	0.07083713507184276	0.29292010303026494	-0.25213289869032735	0.08364526340813015	0.17702112362012007	-0.03183615028078903	-0.04542665398683816	-0.1959663915897673	-0.18204547648752148	0.11151179264965266	0.040117501495952765	-0.18129010236834042	0.03802890817631899	-0.08952273886179705	0.3884962181021	0.31123692830189215	-0.2692392394117223	-0.05215026688844675	0.08013285413751571	0.38084235785660486	0.25800070356374044	0.023315856502712156	-0.05466156487509942	-0.19346676136925747	-0.28304763443007874	0.5113835522411175	-0.1898631064760159	0.26193443878615624	-0.3740511655313299	-0.03660896469552873	0.2237720920529638	-0.15041988729330383	0.21463507379360497	-0.47670299032845237	-0.3196225303310256	0.14798968628312498	0.10485740050165863	-0.0703776013818188	0.08792378955132302	-0.013213107121749845	-0.006366718652624034	0.3295093834772651	-0.36782358113643265	0.016148067941548383	-0.12318809989975171	0.20849352589239656	0.09181285005182273	-0.02250628941106606	-0.13212969575637165	0.3447684337954118	0.2832079666658527	-0.2909788411854552	0.34270178183789185	-0.2542158913621012	0.47551611832288493	-0.07188172718627642	0.1429747667580424	-0.276268602631178	-0.13212482710872991	-0.041506367039426874	0.15448950888893673	-0.007804174452253757	-0.11482949212104276	0.5913575984087458	0.1327356951458695	-0.044468870417667096	0.05094116515847577
0.12041479113901518	-0.20535386038421585	0.03581698105556204	0.06987124587548459	0.15350722633080602	-0.08849948985583218	0.4186146542995555	-0.12180810830277695	0.049086126475974	-0.02090932568120344	-0.42009430757246136	-0.14164327598618814	0.12998824326837335	0.003607362447164	0.13954808666339627	-0.34739447933142054	-0.17211473247714673	-0.21748474874077914	0.17468405087738692	0.36077392023703153	-0.36963785844888775	0.08778403188425393	-0.2776998614204359	0.19746325795616343	0.044626320160918304	0.11016726432957866	-0.3084668956055158	0.5291004689645582	-0.23610693074213168	0.13307475197063232	0.22370031488234418	-0.565482781907552	-0.2632676078788078	0.0891132578285736	-0.010189355885060133	0.19268732714881848	0.08945524536117754	-0.41875874587916323	-0.27187310496281963	0.47313844246160347	-0.21051175239605407	0.23312699779757284	-0.1421951694830851	0.023162727574190665	-0.050553175833004366	0.36484360300041546	-0.21208238059045761	0.3489354898011587	0.0263588379698279	-0.18067092302519802	-0.09850747936006311	0.05276227564109185	0.07017966193462594	0.05484317184144403	-0.28533762866109846	-0.12932468013355694	0.1945810445676081	-0.2365030391744477	-0.002677305022587887	0.022597952976694147	0.15357182471280947	-0.22875838998907042	0.49465201278698856	0.08540560333021054	-0.42450884064841266	0.2400071505822692	-0.005594113589090167	-0.20431350854753932	0.5751287209410121	-0.036766227601056425	-0.012713955830842508	-0.04916538464075523	0.23245166007275014	0.051786790201902196	-0.4864269191789706	-0.12358464572492164	0.4909337755923009	-0.16281575109891178	0.025303954775282297	-0.2991109381349424	-0.3102647599015136	0.04338845960207987	-0.15474020711423217	0.3345547793026386	0.33111734228146356	-0.2001172753689808	-0.04135766078443482	-0.12062170280986832	-0.3626683723340679	-0.06997295115243007	0.21215998038584608	0.17131256513929585	-0.01409423101503472	-0.1893576376800393	-0.07812798783420913	-0.029753119198394608	-0.695551466444527	0.6011564155794161	0.44038258069055763	0.15065916461892126
0.43185052464996326	0.35729892576090433	-0.2557897924636617	-0.11959983878031334	0.06740531832364441	-0.3141912017646998	0.10745298066666185	0.0277063003652202	-0.3133873564597602	-0.347475644532526	0.0425536976768642	0.39825995402652875	-0.15407245002286954	-3.1322537774501554E-4	0.3496513873672197	0.38043932439813566	0.3416693976399254	0.025218498579273677	-0.004114576123442074	0.2846946160618117	0.21110404061171037	0.18784814335437347	-0.356913613607527	0.22783197666151314	-0.06335161543673568	-0.03943044488671114	-0.2085680325830593	-0.3263633705336178	0.034071616410958225	0.013212903879223876	0.16843145512380453	-0.2724413054968878	-0.1362140076077473	-0.1292041711548473	0.592697847016575	-0.23214799151096832	0.22055764221490048	-0.08837858108439126	0.032837597679858596	0.007749420180989495	0.3945387855065309	0.27689057978050646	0.06995402870158388	-0.19029229254676291	-0.1493867415605062	-0.20774645643753814	-0.45246741743347957	0.0792527908990342	-0.14107422587469265	0.5458861651856607	0.06704728864676654	-0.1849462232415602	0.41259343418878536	0.449935563453384	0.1409820239447579	-0.2035439966314238	0.12263393698361978	-0.04555867716865893	-0.2687922794692388	-0.14660883169624694	-0.18933356004812094	-0.3749284412173093	0.3027708352718063	0.04075301277589189	0.4634330123103207	-0.16793865836547117	-0.03360835588777187	-0.11155095013733062	-0.3314834618196539	0.07827078513582472	0.25813592668263063	0.06430647927501328	-0.20384556971013312	-0.46492285630814595	-0.2881834688959935	0.08637403026068823	4.976145675414279E-4	-0.3357456745479571	-0.12578735757380455	0.21537247986103528	0.3234556760042671	-0.1572604979285617	0.05004800986941569	-0.043827547407624054	-0.0730087415188823	-0.20428748750621678	0.05549931219537042	0.08564165764167299	-0.09027141255230628	0.38990951339032737	-0.12931526184321646	-0.14313984820683281	-0.0754126956687185	0.018089912154327373	0.18467327834081876	-0.1706678952436089	-0.253248097124718	0.14756754041027975	-0.6508745004182741	0.4385682943455693
0.04338216144905573	0.039294066607347425	-0.1304965907988977	-0.007349721743773586	-0.42722525187330174	-0.17156017222510556	-0.17130119927787105	-0.004829958669309125	0.33293207169459815	-0.06450615930053048	0.2391816560259074	0.2596610254009847	-0.10602213513385697	-0.056406508262354424	0.0712399940681067	0.024929396262377702	0.24574650975752002	-0.11679001211798666	-0.060356019307791234	-0.09639364373906276	-0.3621993137899867	-0.42541292495481337	0.1571219816413228	-0.28740849036911814	0.4040379912495133	-0.027003451615756673	0.1134975558446806	0.04358800981515767	0.19205174468541517	0.05556563731063445	0.11243570652417302	0.4979421097401409	-0.26795473867896713	0.17567851502800913	0.4767743029118593	0.18893970952730318	0.3510659333837829	-0.6910786759791647	-0.09833961646412473	0.06968143612794932	0.3124535904380451	-0.009996016733828812	0.11927975623326939	-0.3504198559778701	-0.14183621260702825	-0.08965938511271604	0.08134175554684038	0.1774983128858493	-0.018056233698548106	-0.1940502829601141	-0.2522284088129342	0.23699727462889772	-0.19130101614186923	0.41891049197457514	0.028991805191178555	0.18872429226428358	-0.24865589186857642	-0.3008837828346685	-0.24492932782853977	-0.313952957736714	-0.28851188782498083	0.024964366170713823	-0.03600274654153594	0.015807849132236637	0.1589281420195006	0.03380812387530231	-0.10362450566012148	0.17344906514548428	-0.19173635163195374	-0.10158753250874433	-0.15708912670446545	0.18093310655050512	0.4029292764619609	0.21585025396563756	-0.3197097700694778	-0.12507754805804974	0.0812337496172809	0.3875854225454174	0.04460801403244281	0.24327233845612664	-0.14097296199214668	-0.4819961352866533	0.15466286291632073	-0.017373637083357617	0.050335186640730015	-0.05639297459485022	0.4275353209916604	0.05607337995373408	0.4280334686471082	-0.10202241214510352	0.517952891162197	0.2539413193731966	-0.25937344029535075	-0.44582281336915597	0.30201604002621324	-0.059399488178045017	-0.1654656452785066	-0.1789984460799483	-0.03190736516010168	0.3119832630434742
-0.10625893860389235	-0.3917630696552085	0.10266190153923356	0.3047196115391396	0.14470751186748232	0.3259328486399128	0.28386014276603516	0.1266937967596824	0.2625001000316503	0.4917002687522502	-0.10852597391724599	0.18549817343587116	-0.061733858979219604	-0.20918079700342795	-0.06171163914328557	0.3383303212878134	-0.24334616706510245	0.3349550836701921	0.08995332057961519	0.2520519076815032	0.27680629604767965	0.38566468043608393	-0.2262888376796314	0.17873052983482535	-0.342849453764282	0.33609197061991297	-0.08398454402303877	-0.6239450704648247	-0.2984416591441256	0.22754974106824738	0.014507824338252017	-0.03728588346439841	-0.0893434805599929	0.1937952744467593	-0.2515149213580257	-0.12111006479524473	-0.1499335015410339	-0.3663950677941911	-0.016622576637369303	-0.04703793974105918	0.39131825777591694	0.09911616188312991	-0.12169178915831215	-0.15333193879261278	-0.4311715072587385	-0.2841879669548335	0.16776416334068597	0.06448668603742924	-0.20924473091137033	0.08559365333378331	-0.4061629538390973	-0.610790777919099	0.31169966927139675	0.21977431638248918	0.25602594838733234	0.15642754245636406	-0.052148218938573195	0.06664989961193481	0.2537154374652084	-0.017140298844830336	-0.08340195028741389	0.2356159911204428	0.7073419595201369	-0.050756854056107324	0.2793640312907064	0.2764063830705278	-0.1555977600137536	0.17568801815078566	-0.17136518979004225	-0.4913888438879839	-0.07531091143999424	-3.5321523168471296E-4	-0.44169928997997154	0.3767704162955083	-0.2792434497427942	-0.19872552775558472	-0.19271835135142013	-0.016552518307952204	0.06070502270931576	0.27259862261038176	0.017092880721117264	0.19656829615685698	0.14487240403068935	-0.22649370666580326	-0.4175643216999473	0.08971456792129735	-0.14110953404854001	0.2518198053212365	-0.19230396607604314	-0.2701631554928779	-0.06152395548556931	-0.10796231837122446	0.14838839311884078	-0.14358193006166345	0.3394372050072132	-0.14434989903091788	0.07784722821192835	0.4093440322461513	0.39912444714259654	0.35707536249244004
0.003737399303360417	-0.05324571214210923	0.2941561107746145	0.40555683813732946	0.13624058176357604	-0.01306717848435852	0.1566152272997006	0.5150971383281685	0.21356458356325675	0.06024382073511567	-0.003502130381825272	0.23189843137603539	-0.02558912021846959	-0.09386927173458731	0.10222489271045997	-0.04740119502944703	-0.1659960898124567	-0.3637629491135641	-0.2160411937746439	0.47413629226067505	0.277565794271738	0.34794542924024696	0.16557333520994882	0.2972867171276058	0.23523581792981216	0.07238042555758911	0.3533951855337014	0.3321700483397898	0.422039138328988	-0.2751514171826775	-0.18746989268455524	-0.3898145215720633	-0.0696640536033933	-0.5521744932020703	0.30726073060984	0.12481003763314202	0.39538950507279313	0.18196580702373097	0.1053447551456234	0.07937082562428058	0.025132220041791383	-0.00330498155502454	0.04833248555015037	0.06659997895023496	0.3363273258922572	0.3858376254963113	0.35733800708284524	0.11409211299582456	0.19285541237479464	0.005508290624105063	0.260999874227028	-0.08220353424869398	-0.13433947522029044	0.07018062164668745	0.30395374599967234	0.4141150492738244	0.1671988164543107	0.17855167313386666	0.20270797125080664	-0.5344634018040546	-0.31587889467655134	-0.8648470850373275	-0.09209884245467162	-0.19417554583459137	-0.2076501454292027	0.15489399611613805	-0.24578197697629128	0.10157662784343129	-0.02282507659640918	-0.008647233540780456	0.09758190657635675	0.18770804053543833	-0.1487989272489503	0.10288335543309232	-0.3217714434619429	0.18115733775236742	0.05344073929964319	0.027479588433005218	-0.19137435243900885	0.5372313922419593	-0.0023939702243794157	0.265843613397457	0.02507954789155984	0.054134884466380206	0.1691837172534535	-0.1727446439377127	0.3668531776604353	0.3153131431647462	-0.2014898126157157	-0.04687150536254825	-0.3149496098896047	0.5649675409305699	-0.07955949911834277	-0.28802678694242106	0.23769215099614877	0.5630169910441669	-0.6102255218034361	-0.3948154919929801	0.32618245078263636	0.4148559497728166
-0.0334419355308199	-0.0572255991635508	-0.1451089716590199	0.3396342400875315	0.05250549223856586	-0.0858935270101528	-0.2193547617968491	-0.45363943494419573	0.12132539521825621	-0.06145525212605146	0.09733776476684164	-0.12457677708108071	-0.2202142931763695	-0.22995815818161422	0.39979042633397877	0.26040266928303935	-0.13179576950932706	-0.05369343450777965	0.19812672841523493	0.03411906313754016	0.11479313564338235	0.12790331748922512	-0.27649202327142247	-0.5290074592307147	0.16753398334863567	0.24114740939006973	0.01817079043789788	-0.1903831661059969	-0.39863925693417296	0.07994620339215612	-0.015955408154075618	0.10617646914446098	-0.005259927165972419	0.06485344547646926	0.34704874148988274	0.005472892480893473	0.3110754378526892	0.09919248109623849	-0.0659913886423256	0.4859971900261459	0.09987019773713592	0.24122234237895065	-0.4350955420656677	-0.2762975811027713	-0.026147396088827775	-0.09497902026291356	-0.20872425181818113	-0.10088101429932556	-0.2788395853562139	0.09831224425212547	-0.1716130800057086	0.17450543279284886	0.2876656167856911	-0.11155952708467423	0.005506048049091561	-0.08722954832265499	0.463512797874494	0.24882628374614835	-0.31781930145696113	-0.1516557190896057	-0.5130190097600313	-0.021006805847070088	0.20013571495458812	0.028653382503185193	0.07391612952483545	0.0927928607579377	0.15952420695760827	0.10615529653471481	-0.09799748930524271	0.12080685075159987	-0.3097998608574259	-0.1906513393503451	-0.5434625880387954	0.045561232778542265	0.09952599251214635	0.25686860464119604	-0.2643735349264572	0.2945302702196849	0.4850386704373618	-0.13267003373800362	0.14842194765591457	-0.3075079347464484	0.2537091440956904	0.06547281913460362	0.16046017953770295	-0.5907054530730765	-0.0024238470106801376	0.09661593236837317	0.36879851397146385	0.1580630567290791	-0.12987231720379355	-0.26749854141361074	-0.18656586258778765	0.34830335805633683	0.04567898191890687	-0.1638762332381293	-0.06783047724599371	0.7310817845381677	0.11712997470013266	0.02433994803314896
0.1334753390826905	-0.2869711458114011	-0.4779637542910656	0.31391522862409926	-0.224942997223115	0.23966956244412765	-0.23495204696693675	0.17044149992986093	0.08976519724938505	-0.1677112663102155	-0.27898267964576223	0.03283358922598498	0.09923934962258646	0.1154733319662793	0.24576265277914755	0.2572757362615733	0.40224949070298605	0.19999138208114628	-0.2509458469872043	0.12265459582096484	-0.22549873555571173	-0.23800330842663014	-0.36058452129798674	0.0030186709349114722	0.30601364983051843	0.1873972257040439	-0.3317948699255651	0.07954221217011928	-0.010577056249722064	0.29358231239719523	-0.21076486002398817	0.02094480414959064	0.0625985723988214	-0.08860149672290038	-0.1475400416542742	0.10997246221277726	-0.006376414141325653	-0.020095678140517926	0.16414932884205857	0.011346249627146966	0.21290165834712602	-0.09270721436341955	0.07063931927984968	-0.08382498125855861	-0.006236485483696869	-0.05575644545246091	-0.06015117059333493	-0.21376210148734842	0.060350531632953924	0.07799273397591214	0.32941280709125426	0.3288646619958502	-0.2310665889702493	0.12906620672577168	0.32613339242170997	-0.1842955804389114	0.12637504704425404	-0.22922670635777861	-0.1700824865880399	-0.40607492282229346	0.28056623977486833	0.1822513803126915	-0.47367693128818167	-0.020863226849652243	0.2915744380518477	0.019562752495634116	-0.03419491575817315	0.12688399921658922	-0.4642016430470146	-0.20992129832095927	0.050544745304467585	-0.6474259669704986	0.029819884644819966	0.16239944423083386	-0.301549967520118	-0.04720011726154928	-0.18570203358229517	0.12004910946580225	0.17320022159952284	0.16113042578067344	-0.22168533394641846	0.632383837584011	-0.02884046882260657	-0.3261361382926499	-0.18768489917484132	0.12562927494344156	-0.02797455284493193	-0.14834000873788472	0.11980463074660476	-0.0739999497717535	-0.28993587490885425	0.006868197094658816	0.19303089775187415	0.004136150313025687	-0.1637555216621331	-0.48330081348164916	-0.11373386553926748	-0.3700234694451483	-0.111709662507363	-0.3333436848828977
-0.013059158238871368	-0.32324199543411014	0.07477104888429609	0.18063120749083045	0.16045434056195068	-0.04588448691588803	0.1709494493395197	0.23874821995242376	0.2303383787532881	0.02159345091674374	-0.2786322717079341	-0.009639593042604809	0.08355147718581513	0.29696939184934873	0.37743653298642366	-0.01886535793794913	0.07313735535291377	0.12254280676841915	0.3124340202870832	-0.19319676978637085	0.06431338233979729	-0.01801007828035067	0.14465314497737422	0.335665871397702	0.02932321535168252	0.023500949876805413	0.06155380422783787	0.32441441480073224	0.14907897859947353	-0.34303849500011563	-0.06920938243632772	0.03995747842265829	0.1537457214104576	0.14716679838996732	-0.513447534143031	-0.20410565756388047	-0.08150870843284766	-0.3867470780664924	-0.27663211415665695	0.45177478812536953	0.21246111174003124	-0.20640162136362608	-0.05241860501429221	0.1664881409487977	0.23062646756998428	-0.25712729036228904	-0.007697231655072493	0.03327972870288674	0.013708641176452995	-0.01256537352394557	0.3331789052050909	-0.04508995256660965	-0.2354253210957136	0.49362281268175284	0.22133401594212948	-0.2715175173534207	0.2232187986866142	0.0734886155825772	0.009957861352398022	-0.1252498690881938	-0.4072570820428545	-0.3832714378416052	0.3790790093651612	0.24698199166464582	0.5260427943177187	-0.07640301076789979	-0.22047905791310923	-0.16570206668767753	0.260379924463081	0.3696761069324105	-0.16153016153388744	-0.3162153754446814	0.15181516130715764	0.181189869388376	0.19532353513969064	0.51254589640365	-0.04626343114848061	0.5485013060285187	-0.06724954910902688	-0.342198808559319	-0.18915613846844564	-0.03301242140664243	0.059842594613965044	0.06330508498736581	0.5609159463819748	0.2260533150813126	-0.274905055632893	-0.024089407289108702	-0.41476331669604577	0.05874586800579019	-0.04177984735309608	0.26770394641319467	0.12152507975709706	-0.11299746707705406	-0.019889827964575647	0.4926170467155756	-0.12507568108803466	0.2862909590121307	-0.19530923943576237	-0.2595027100558883
-0.2467424439823522	-0.30586635281143015	-0.0934800502658115	-0.06613070618342098	-0.17213268555393896	-0.06523573359533706	0.49360223282910937	0.1862401935725656	-0.12159302780867211	0.1779471258136559	0.13626115637226044	0.07972352386539248	0.16330371174010858	-0.168253254617639	-0.10268565038475828	-0.0682415846420927	-0.11739647605097167	-0.01322781805845479	-0.11090121917904157	-0.10839071260310558	0.12811588168950036	0.20659349581767103	-0.05504030447477249	0.06297513066683155	-0.5480001333976484	0.2549553274764193	0.009156196217065952	8.856537811155112E-4	0.054503439845366666	0.1493787052774273	-0.12414541755334353	0.16394266438606517	0.004111947887077818	0.06719065214979142	-0.09701293016194289	0.31827505818896945	-0.09629166570252386	0.15154542966811022	0.229408743960053	-0.0634970965510192	0.26759955249831324	0.13513946088856127	0.30589834308926794	0.008979280198389184	-0.45226816390087704	0.135077166125615	-0.3040972378562172	0.07051834482847456	0.037588942870557876	0.25203294595541986	-0.19788135075760077	-0.17451964594708283	-0.0585467836817212	0.3236198542692086	0.18242866172751632	0.21640119328622828	0.22294230618058009	-0.1843928037544988	0.15474478982788745	-0.39524136238268953	0.16485820533651982	-0.27097409377372667	-0.29288618453785886	-0.14796995328666226	0.05195680573806321	-0.12742424909704456	-0.093275239893171	-0.3762025318616398	0.11879815160140637	-0.26362018070188903	-0.01644760161949402	-0.009979633426153883	0.0450157816989727	-0.009662252741762186	0.2208097094628946	-0.16888045293331372	-0.010620284309751923	-0.012336781773624872	0.27283608187060354	-0.4094063207882052	-0.05391017134181951	0.24760666222249034	-0.14142759330315732	-0.24725101010179643	0.3003117244433327	0.01474779083945175	0.08205329513201512	-0.15112128452324336	0.07688479459651329	0.02111147793940197	-0.38918526802520503	-0.252381526845114	0.05838950624545608	0.2757955471627317	-0.055710646177544135	-0.006514701445327055	-0.25859177064631744	0.09963605347928346	-0.2871446426196326	0.3211469165197767
0.27729292185102433	0.1858363951171997	-0.02296308619554827	0.2959372605782848	-0.11803827295598247	-0.08818243222086483	-0.40388204377293857	0.4187738576219729	0.14994617478713118	0.14985368987004202	-0.10918272935264293	-0.3286133349659908	0.003951034446596106	-0.1520659303565515	-0.47863359718316845	-0.06612021506440516	0.3092075535574277	0.14272899668984368	-0.011201349362591895	0.009324134908423602	0.6970548636035863	0.05383421617716645	0.1854013819246074	0.3712000183635001	0.5015202874417287	-0.17995639286460782	0.016620847494960924	-0.30358927569736627	-0.009302775238691658	0.010466915065195412	0.2686058238791197	0.14508702192110673	0.002198164758086367	0.03627480077527027	0.1146740773744739	-0.11458899645856667	-0.317164625868437	-0.021457588608214673	0.13536143347945676	0.189783842077659	0.26674512116902555	0.043267838338420114	0.3302952204941651	0.5042002942334343	-0.2295741635180231	-0.2568649839037424	-0.21169863370398456	0.13585349201856323	-0.009341441279459904	0.06025555460461555	-0.29317591752167504	0.17066838530857736	-0.37369207283053546	-0.025923216105747427	-0.144590712120713	0.2117935237263695	0.05024061639178458	0.2695668713178172	-0.1079849091623929	-0.28272495129642483	0.01969596312163359	0.03849513943816455	0.3773909976016854	0.3348117146820945	0.044996426891632225	0.2036372841398274	0.12403968015815693	-0.4243656846624417	0.0905810765189145	-0.3163106769354165	-0.019582326471687162	-0.30970503681317196	0.16590520525147548	0.07156221956139318	0.5256394552183975	0.09786087267902621	0.06612963576029293	0.23475053109327823	0.025789040322446312	0.14063647902635942	-0.11699157430083865	-0.2948998321223448	0.05145375690248679	0.049703330392692806	-0.13736499791430012	-0.1876260945183631	0.526203546003574	-0.1805576156017531	0.1432595173811668	-0.21240114341756036	0.08873428647007241	-0.041864825574832974	-0.5653483721956443	-0.07674600644702521	0.008736365257735568	0.4427163361129511	-0.28790119230835665	-0.32477249878328485	0.4453715382195801	0.16296940974082652
0.17924529534177291	-0.2046588029321727	0.11203942196018604	-0.34679601013571243	-0.018647020842810967	0.12791312426869836	0.18230732384772178	0.17137839028969218	0.3596679780899718	-0.21736771775128919	0.018277366297564546	0.305832032457589	0.5036466594964197	0.2920902853523307	0.4194400321609175	0.19543631027593494	-0.38102885900716443	0.08644596895662987	-0.16909883991672262	-0.20344199411184571	0.21282519929534854	0.18450390754137874	-0.03190513216055471	-0.16331718009114576	-0.3600209610974288	-0.04155807606191439	0.02231225003891867	-0.06175674992805133	-0.07096332397499877	-0.27035895945919847	0.2811002885677516	-0.02883910684270692	-0.236742895297259	0.274112587717829	0.2523157285270087	0.2988065717130055	0.2943902602319991	-0.09273433462461447	0.11205105892946264	-0.19917280154397346	0.2450621897088112	-0.028403898175249458	0.27392443093577606	-0.1528871073442063	-0.22098231181178932	0.018402491724666282	-0.28945619820275204	-0.1825568066190933	-0.46258178300835684	0.3092586363169003	0.4815338475415713	0.3887967065215708	-0.13915789413913124	0.17222989093467678	-0.007627338305740775	0.15192100608658266	-0.3157135759191411	-0.30023481920120987	0.07665955733579956	0.08795145160523739	-0.2455865458119619	0.20187512337965408	-0.4455669782375955	-0.10640446783901414	0.4610271517357379	-0.45417377226506567	-0.024547790937295234	-0.19083702172017594	0.057843791417165134	0.14383484133556465	0.1312758272381398	0.4394234353482377	-0.2749801202474968	-0.1800132474428602	-0.1788663517698853	0.04497793584497415	0.0101113820688314	0.26535199662616554	0.23254545355492628	-0.2244655350282635	-0.12938951464041962	0.0131895207684787	-0.1504132225542406	0.29768721024032585	-0.06675950032390587	-0.38799163972447476	0.21323638978886145	-0.5170367095633897	0.7795254078709928	0.2808212489323833	0.2768815260117215	-0.09405332508656566	0.2135997567392305	-0.13689269260333017	-0.14929522460746297	0.3936375334349645	0.09456588877615636	0.3287728743173131	-0.2996004524477596	-0.007852302505270881
0.10690583830229054	0.022879212498272097	-0.09610288879860597	-0.1704322913447153	-0.2856580562151407	0.28283838816226153	-0.01934824510075975	0.1427378713246549	-0.019234880500305484	-0.10588831184413587	0.49695984136383003	-0.34988232940547753	0.14104971793910936	0.15247618430314838	0.06561686460193714	0.03069490634717817	-0.15031192161720563	0.24426126421731176	-0.08534000507930659	-0.28515768518075957	-0.04595919894107888	-0.20097315904717766	0.04465530388136209	0.34316262759554816	0.2261234255393192	-0.18786933617881266	0.30289337386870774	0.18983084424978414	0.11163651082432559	0.1659492801521572	-0.3859479961143364	0.005477250385519942	-0.019168865653577734	0.11534325553003438	0.13670425581370102	-0.012997442151269559	0.5949887712656312	0.2534834165663432	0.16823922582601686	-0.007903549047778862	0.1802595958123548	0.1661182427515407	0.011003292044114594	-0.36074857503233443	-0.10026249219869521	-0.22571044577739668	0.18882200327149024	0.24637672190276358	-0.5407108990089676	-0.053308332540074305	0.29699694626710577	0.1605077695262259	-0.11677078428465137	0.033173813660842315	-0.32624465219990073	-0.12246449960285474	-0.18900580803886632	-0.004025648985241577	0.0014726056649219518	0.07674362740998868	0.1038047146978075	-0.5512076175850797	-0.14334522206255074	0.3021347869317491	-0.40496859836919774	0.3302643476506569	-0.0580361936879816	0.2224409709921835	-0.16901489519641588	0.2935035818004418	-0.13908840398667308	-0.16360670111799092	-0.27547016164322635	-0.10827976370825389	-0.047228174688392306	-0.4497271411920119	-0.5392483475607354	0.17250783797156136	0.12342547015908686	-0.18876099472449628	-0.3518195907909099	-0.11475194901565952	-0.2472361898917624	0.2369722876392724	0.27356505495210054	-0.2872117244730459	0.08680065848445494	-0.23741653494172854	-0.07929857194409747	-0.11411739194683031	-0.1589330361733669	0.057627809016199946	0.04256229440187504	-0.10341972288337346	-0.03367562510124037	-0.5533089775411019	0.2924341288170583	-0.29668890141222015	0.4092743965688385	0.02472462642884292
0.042562468811407586	0.13260759128649818	-0.15571479190372126	0.05378877545305188	-0.03259343743591801	0.30160705730141946	-0.2620818171838264	-0.034560587981958706	0.0034760123251559544	0.3166051057648818	-0.10834542882922936	0.1261264630066444	0.10160215887646105	0.3197861434413738	0.2852788262188491	-0.08783282585549436	0.24427064863753634	0.0339972592348898	0.0709926238385455	-0.11005367145871779	-0.09093321911357805	0.24971955298127577	0.30565177899902	-0.4057390289284945	-0.14881835663580134	-0.236604339713115	0.3822705453251089	-0.012402701212499485	-0.1274531841423818	-0.06487799928810803	0.25365592069389253	-0.3517564701137022	-0.1386949776678285	0.1821447420337841	-0.018317136065625725	-0.027407100347586786	0.3761878361800606	0.04875246763409957	-0.1521261219574201	-0.028176067195141718	0.09996950073060014	0.048761658854840344	0.1485528667786376	0.0814283876956968	0.08767008419544876	0.053577838264169564	0.0623305335888309	0.28868565361512577	0.46678364069977596	0.40157077527678936	0.30481786309659414	0.010508846221993783	0.15128733491392088	0.274248321601845	-0.12319707867675046	-0.20992835302475496	-0.13983039784793866	0.29471499704653487	-0.03905205847656193	-0.04162477470959478	-0.07115036275675764	-0.23338736289551937	-0.3852491530475612	0.20137309120227867	-0.34020871703766387	-0.06144836998729126	0.2034239222381096	0.1443765955258621	0.00730180502689678	-0.33245770372150907	0.1703247955391105	0.09335710395563335	0.13803503832268735	-0.06288212821373838	0.045487427249392344	-0.4819030382194981	-0.33962455095412203	-0.5449545456783935	-0.07222709877246185	0.01346202886092588	-0.12382181110301645	0.06456097775175705	-0.12283289519402112	-0.18441871283966702	-0.09840262151855385	-0.029670457030910993	0.0276997462948104	0.22197246776904847	0.10874230988737116	0.26431375019028797	0.39928163154877216	-0.09979303178652603	-0.19057522361912724	-0.21197339519930972	-0.04699384433826939	-0.23457570963511684	0.09048298687281395	0.3370690915220445	-0.11196396113317315	0.1467307735810359
0.36508726715013834	0.15383335118727948	0.2532888134969336	0.23821591815325313	-0.03500593300380517	-0.2582433895454248	-0.06517794458170685	0.26319984106498756	-0.34494834794573964	0.03298623150691373	0.4429108863930933	0.45600801404339036	-0.21147251243570686	0.1400828937692561	-0.37916838044980206	-0.16922708728948702	0.22190458356449935	-0.24149832116148545	0.04279736598989384	0.08490473121789488	-0.3372594453040332	0.058722972140688674	0.16252454270072078	0.48982078535720697	-0.07168286540939571	0.2799636396219828	0.14165931483531358	0.3232339383255734	-0.2349635142826354	0.2079937549703849	0.2932157860082592	0.17655632167567073	-0.11298429584911207	-0.0882342192197905	-0.24930281093692236	0.22760896119913732	-0.4009362689863823	0.16433970428517086	0.3835350448156396	0.5557533096873146	0.49225321415048784	-0.0014645803681658845	0.6230183977013114	0.6907816766899407	0.09798913486945798	-0.08404829424574492	0.16372593328094673	0.24560431685076894	0.09039084051153973	-0.01829394496051883	-0.26499357083816816	-0.41167013690699444	0.3405470978722577	0.34469686997332355	0.06729614883080831	0.3172173603229111	0.3472829445363212	0.3939732721435081	-0.06852819111087216	0.2706288105061668	-0.5542805829300592	0.27696491874142737	0.7379394416059615	0.8461465294668037	-0.18390650248302004	-0.05337009428948399	-0.3052892008342788	0.08197063754711983	0.0922725008973133	-0.08797747753038697	-0.0707127673000682	-0.1239897244025971	-0.018818889227858897	-0.03452736911865991	0.04256234604605503	0.30009491102819996	0.03462142955613819	0.04841453825903896	0.05750535829162568	0.1385367193447291	0.2522307778018441	-0.1901465746821531	-0.05510908071819799	0.39962443814096954	0.23066640046307157	-0.3719065258483359	0.6108764159000646	0.03332589420280915	0.5498180143224562	0.1306320424687164	-0.05562063674300403	0.00472169154086773	0.4957661300708502	-0.08980487566569992	0.19196614319798963	-0.22960820404818424	0.20199010733066047	-0.18478180479594172	0.18658536928950034	-0.31514906191703757
-0.20076975575213818	-0.20392561260665706	-0.051552428586878585	-0.08134465187629894	0.05767762066794386	0.29052598522875833	-0.20082709337948793	-0.32760167236611937	0.12458755365376284	-0.18317185523717316	-0.04511032612408744	-0.7142162077556489	0.07569656534210067	0.07697915974821934	0.20105404846555053	0.07562022605561707	0.13282381500826904	0.3810738940037415	0.20405315949719507	-0.37686183324167366	0.13551096051513273	0.33064279158872695	-0.11659019801692615	-0.3566124109191684	0.11627551028189215	-0.40028004530244743	0.3808198605925687	-0.21934336050818498	-0.12781325322081072	0.14658897320819292	0.34525277239771446	0.3232234311403056	0.2215881885690113	-0.5311421425409951	0.4710872550602703	0.2913302759548492	-0.5441899524057775	0.04146961774720388	-0.1721887269173785	-0.17184985950155324	0.17719939441146015	0.17972136312989567	-0.1354374534723154	-0.1139269662750975	0.05542177535188418	0.012381251799756573	0.3718677946538274	0.12320337189291426	-0.5580363309406723	0.5004950240038389	0.26641282323364834	0.19261826973039436	0.13129413018023275	0.5649614284850587	-0.16780621719010938	-0.15924470036751773	-0.4212462567754341	0.09816851023826642	-0.0011670363309783044	-0.08617356247707282	0.16603888495396818	-0.2420335405594041	0.010178556206609369	0.21187103558911208	0.2529201068416454	0.2548765342245404	0.1111898106163855	-0.16692367760824117	0.2076858496535942	0.10938814848468952	-0.25744923122791813	-0.003919214856527989	-0.03267950802792941	-0.08666623971896203	0.1264380978215474	-0.3037230162300559	-0.16109002233516667	-0.1172644497260295	-0.34405425057631706	-0.34815028928146974	0.015435564258372433	0.2955723418112697	0.08414475597921824	-0.5168940229896439	-0.05189086239918512	0.07355212620102827	-0.08418661950433604	-0.11657599457430783	0.27171125341152447	0.3642787274867107	0.004209757539393449	-0.1508893961036166	0.09318799138522542	-0.08376729977169782	-0.0745242753770656	-0.18107512533182354	-0.050048799884280105	-0.05903128247759143	0.1098727957717551	-0.016202001068128042
0.2562660952520183	0.3759752214326895	0.22271979735892325	-0.16324857108765656	0.11661758857174889	-0.039590481713959465	-0.09524335118302053	0.14891794172111436	-0.3531977918458316	0.3660216584325721	0.5455395784469494	0.09769387462738649	-0.18174724924071586	0.09093778191027313	-0.007040794143624356	-0.2575567755962169	-0.3599298872739759	0.36306055630393025	-0.017155064895563284	-0.09310062813528418	0.36000684709403274	0.23516578385779124	-0.22054228869839104	0.6783473698689695	-0.2838456466688008	0.19670110280914715	0.32306878633566044	-0.3551105137492796	0.23680946772375158	-0.09073608822752376	0.0196046389577078	-0.18189031677258943	0.5843881692317976	-0.2933427750740518	-0.2156077784335696	0.20176186287437625	-0.07114090585212834	-0.23357916139156618	0.3399177628027526	-0.8404536144282867	-0.11392439822160808	-0.20206791915199143	0.035696894640161965	0.026970904152083003	0.028361103124281178	-0.06615197417592777	-0.27524026153221204	0.11765850048595318	-0.08584395454991277	0.014478844254537906	0.2816459106895375	0.07381952470054323	0.22616044978819616	0.3134263733620163	-0.048801842168165986	0.0247247293585913	0.33093686906334285	-0.08287139488840357	0.47700101387938254	0.11088496622399742	-0.04794043542792429	0.056097754703575475	-0.18246577075090523	0.006701294469263549	0.4641453934647067	0.03233458715188912	0.19368233846090627	-0.26005486661731103	0.4707174323649065	0.329187272642296	-0.3239130696458589	0.12360517627102059	0.012322545306601417	0.27048046958037725	-0.05533280473349196	-0.2556430010977469	-0.41077008368794893	-0.25702069873206934	0.2766297637796781	-0.19510978163781156	-0.02859044873704638	-0.044239038728622615	-0.2552643959939144	0.5868642589132075	0.8160963026486562	-0.026964344933759665	-0.08668200829711852	-0.15508321912819983	-0.04188606642483678	-0.15509864865939124	-0.16953503092638422	-0.28121560542924334	-0.1829465081519198	0.03189044457834415	0.050133326983060195	0.235831148484365	-0.10480489556002572	-0.30441968542640224	0.02864591051396454	0.04632408683373741
0.11600829320183972	-0.03709795632437793	-0.1631811665056933	0.06192899256899455	-0.16190586641329188	-0.4201057366391717	0.1691830370061632	0.5175009367910478	-0.03742812983873271	0.5179808264794914	-0.5819269247723229	0.10056599924999389	-0.06684017431650414	-0.05061491727928275	0.35717132035693244	-0.10971202809223718	-0.13131500016626846	0.09448465699050489	0.5670649486056958	-0.4000386064133779	-0.11454883205631086	0.21078565094456747	-0.08030560849798689	-0.27460223353676827	0.21046724653210974	-0.6697933766761393	-0.09153597668066044	0.2143433112713262	-0.32777597359570854	-0.29186478420556144	0.5396473846080978	-0.13394741339854482	-0.09632203217601672	0.0395336064672773	-0.11160137038375625	0.24264228669617335	-0.06651644480852018	-0.014985450483650974	0.43830069941824623	-0.07888997225447465	0.2626417143591634	0.33927046312867176	-0.43367957974602533	0.006115337788762282	-0.4376456012886987	0.057842799842278504	-0.0750098510800044	-0.5704658042650766	0.012421103295672664	0.47802735696733356	0.24921135600146058	-0.07412181254150457	-0.44230420711773305	0.17067677163615344	-0.05434805426003727	-0.025200334823583637	0.2508456963283574	0.04240057609861489	0.09857270873600542	0.1060891989160168	-0.3228335539314654	-0.04394610454356304	0.18901822573002927	-0.020549941192754752	0.047948290802885166	0.11962703142484767	-0.08323292608752533	0.11600678520018824	-0.003984344878543059	-0.4261932762901553	-0.20696834557155555	0.03315067391994252	0.21665553487913528	-0.39421524143244574	0.23988319738405023	-0.07449704565288284	0.27688946792463454	0.28521691479731964	0.058739259613644644	0.3804369440921428	0.0418073451320458	0.18383234003018614	0.1742991766860525	-0.0323266718978999	0.2984701062008131	0.09835534978128613	0.14364276140736748	0.26196488351669955	-0.2610402884410646	-0.03977462162138406	0.14378891339539923	0.4400111748866889	-0.04717761450572325	-0.24041931807417946	0.10716529554465345	-0.4148177568281657	0.16895454611544589	0.030196013324849707	0.16616736541743912	0.013474345003799404
0.007734030129166479	0.26596855027406796	-0.48645402196467435	0.19272599341921023	0.15507825124443078	-0.012560623859224612	-0.24172773693817276	-0.1620078675194423	0.17239618621716477	-0.08563222022597738	0.3273667322784703	0.2549499921133229	-0.18895641840422803	0.1330079786125358	0.05621211554639947	-0.1137927137446424	-0.43891279834682523	-0.031762133091616226	0.19084403118256013	-0.07365916720639545	-0.2535007081014703	0.06330030604165392	-0.19809513704239154	-0.03554879177704045	-0.11320963095866457	0.2412153281005668	-0.35730788028701194	0.22744583875285568	0.2827078431244667	0.1442759426734593	-0.26208280190759503	0.13197424978547515	-0.14145016401721	-0.12576940808689582	-0.06022163393397615	-0.2236805247910907	-0.1860034475244121	-0.017535236363469694	0.08240519087001597	0.10339531367025812	0.29808516274245056	0.02151444373946149	-0.6364478555285035	-0.1414461089695954	-0.3335367167057513	0.1528282046146706	-0.08594954558360239	0.01518117038855816	0.5779418747756541	-0.12428003657835492	-0.32352056553310593	-0.026529316761874526	-0.17032429308660363	-0.12948920730755012	0.10340119996675422	0.11385807495791143	-0.08752247691514191	-0.06202370186126987	-0.27495040882811045	-0.2680322719435617	-0.1603459197481887	0.07428157435624398	-0.24258465768022627	0.22495397106082565	0.3436861539489562	0.10278938089033446	0.06903492592297861	-0.16698785199556207	-0.30277938833710905	0.3623826590887962	0.09331350423674875	0.1679646055637166	-0.18321768434407737	-0.10772294774441128	0.08692546351236022	-0.38364407177261717	-0.038249479755894426	0.5127155953572086	0.3835056867975425	0.08791049149320737	-0.40893187699876915	-0.21048002317380549	-0.3726752951317921	-0.1294794635966646	0.1469983285394518	0.018646513400690515	0.22822736906970248	-0.09782210501202804	0.006447900343348779	0.6942801256726286	-0.015019852986415923	0.635769508742237	-0.018889488401369996	-0.10557388912202158	0.3193247032495157	-0.16677552999432488	-0.08684478276997509	0.17191288331135007	0.35567695590735265	0.18407680564397283
0.10371558557524918	-0.41392117655602884	0.15524194886294718	-0.10086534742214862	0.3213507058732741	-0.20399379561055064	0.20382390347328536	0.14341080816340326	-0.19343060502061135	0.17378552257135887	0.15069069856038686	-0.1950367395091178	0.30289840950168073	-0.16852031281219407	0.007637815195177726	0.16435861185916573	0.44508629191516275	0.007087059351754816	0.05618198001991849	0.2003549299232396	0.2778683825527238	-0.04241777511887034	-0.00748789141509476	0.1783582385587662	-0.37926340613653303	0.06261557627971401	0.01300101126287381	0.4863593878758624	-0.30193882132668787	0.167558965143003	0.36847254644081034	-0.21335237285714762	0.3575537642916563	0.1617264789478885	-0.20442425907580644	0.2078327887961505	0.0517469856435882	-0.17704526783116023	-0.8611812518487308	-0.19045469760469907	0.13715257214422052	0.2402636681115377	0.4716626161153619	0.04856664482302503	0.12585605974348799	0.25547789532296117	-0.46064505989578053	0.007724781901976744	-0.18515958850249503	-0.0938745097364228	0.5293961748339024	0.23070300803385335	0.21470770376471388	0.46338273906460803	0.12105127517634567	0.2551969613006562	0.2412468557641364	0.17816563437872457	0.07826091755920982	-0.07870148817620103	-0.255360392053077	0.03799993873328464	-0.027395898451164812	0.14025324934272143	-0.2701418423013286	0.35049887154681963	0.06042563669897991	-0.007253255895349469	-0.17704707448638643	-0.751779341064295	-0.2985914202668225	-0.0178748518061399	0.04403160804706836	-0.3082206832401178	-0.04971148756684329	0.17076177364957668	0.1457117049234153	-0.32070731161042104	0.06224479951898273	-0.34236081897629794	-0.18471272808060574	0.22517167250053707	-0.38081706620735817	-0.011758770700657293	-0.09204062582201071	-0.40395132309004345	-0.059039701292984074	0.016749805683201318	-0.06502145959334378	0.13947501632957762	-0.4623396985102571	0.6401878687977737	0.4094679668679482	0.1308584202426782	-0.2031755523309092	-0.21687895163133414	-0.0876802006796002	-0.07480103811297453	-0.06774170873306767	-0.27931821008867525
-0.19462736845135534	-0.04438967933625299	-0.3424771991561804	0.0018494504480564633	-0.08357837519441541	-0.040879689386598785	-0.19588671556612225	0.3276306617712818	0.11735781700939002	0.16569772478326072	0.0461121605703116	0.3074991218216781	-0.1468467781372865	-0.17132441770806336	0.048434368769702744	-0.20164108536372513	0.7292717410999248	-0.1592730132131464	-0.3197840893585821	0.13123619367136044	-0.08658724724010074	0.10524522653634306	-0.27013426296462156	0.05058021170312388	0.10690870142412415	0.2730896654452617	0.323691639108499	-0.034519842922696706	0.1439700110154318	-0.29691383269866806	-0.021435992613764287	0.15082860032057896	0.13627061368975246	-0.14115906947554607	-0.12058327068966568	-0.10456045512495937	0.039459461251025396	-0.08488602252950334	0.5177666450383024	-0.07263950704030966	-0.10151635245392474	-0.027384921154986343	0.09519966629994256	0.075630721141693	0.014124184833629696	-0.19951057134659853	0.3042594419849558	0.09437448363753743	0.13539790872896715	-0.2662307248923265	0.49723499302459573	0.44291358760502103	-0.09354163850768542	-0.10066493446334017	-0.19810395774717027	0.07091465750599393	0.09207452439760075	-0.30818501676032123	0.19940311057823143	-0.10963674467255861	-0.47226243618575137	0.047850718760121445	0.027571860566520695	0.16171192777845692	-0.24817372485439326	-0.08781289437194861	-0.06870085890673056	-0.052996829117770365	-0.18130783563954045	-0.23913635365209535	0.35001804789771424	0.025568846601134003	-0.33247542786805767	-0.5466105615368082	0.5573273711834252	0.10161933496637146	0.1795062764639734	0.07557498683543946	-0.08800863494913642	-0.01941599166712316	-0.2825611389183395	0.0280323944980759	-0.07410006444715644	0.207238603117397	0.0780684538238917	0.08061534207437147	-0.38713815608065416	-0.01702257249269903	-0.14393011636101108	-0.0838402080372361	0.05941883496602016	0.23730066117818263	-0.14368009651044977	-0.19726744827870696	0.0036838713741530037	0.5040114602297675	0.06650395967747783	-0.3553448783329547	-0.13302819056432624	0.3310282314067336
0.5029858603164367	-0.10942312261028245	-0.022834024272165687	0.07057959483155583	-0.32682538448938	-0.40078686478320424	0.17493956813365666	0.518710231405392	0.2278817272585077	-0.10321215331492711	-0.14940650118714946	0.09812649346919715	0.20262598845137642	0.4828389660827319	-0.058892596106693514	-0.03950766041655171	-0.07897903947230757	-0.2680523283868728	0.05939250209652293	0.42460564791765054	0.001845110924727199	-0.25797692647056947	-0.45867846964390235	0.05403925031679651	0.19207712143999645	-0.05257619477696711	0.1718442263735461	-0.35660108834926696	-0.3020196040774093	-0.21739495513363272	0.19943174716677928	0.4601719072339125	0.08995406136620583	-0.4010183658715697	0.1346083687796027	0.11403925524290344	-0.2075725448891527	-0.21431843766718792	0.2153653458260204	0.006331479568532373	0.28355251566045286	0.014836771396121225	0.14607486082819107	0.4049276046312789	0.2804187962486756	-0.1795481957468053	0.2477629428283739	0.16633824394558883	-0.20115753702158393	0.27833847327318206	-0.212086450131244	0.37901704692560423	-0.16271845313005026	0.15172231218121918	0.18028566071638757	0.1609216990655573	0.34073099022655023	-0.42823642329246303	0.10727818417726792	-0.2034014309000625	-0.047434542431867115	0.0438159868643526	0.0585931113887025	-0.6541496491308955	0.123070200154139	0.29885863550971437	0.1371052377759638	-0.32002946840657054	0.13323990710439387	-0.14559614388937459	-0.34669325728090405	0.35400295373555224	-0.18653604024343196	-0.008078768964234566	-0.5641072530242317	0.20540282032498317	0.25166878619184313	0.22828824357797114	0.09210834241692911	-0.1388540635396823	0.2011833219946966	-0.21484726305303087	0.07436776556709572	-0.062271079702266995	-0.3363243740946472	-0.15820691852505028	-0.1477635709636035	0.42396497899327196	-0.07184512637070636	0.5118380013099211	0.026336420771747946	0.13759483511632323	-0.26759553747647197	-0.015288410524343763	-0.5213825564607045	-0.16387622126511356	0.5098514449548928	-0.08945442567228178	0.17951425041188548	-0.08334977768395581
-0.06940939905259916	-0.06442399381902296	-0.5058051388278191	0.37441445924902567	-0.2357917105659475	0.09779075086872381	0.043569940081839544	0.12307065414351842	-0.3387303096313168	-0.19112258112088482	0.021396189385231298	-0.028478541187969476	-0.057955881028871906	0.44332130331159736	-0.43517855497184943	-0.09296359972486526	-0.008712475755592902	0.4064680835740959	0.1427634945542129	0.4440652080803132	-0.1781885207775402	0.16331925121753457	-0.3163382804893141	-0.13994770629438014	0.01418259299321719	0.31419731370306336	-0.232925989196974	0.11032698925868084	0.30967904416574804	-0.17973141865677492	0.1515077215380899	-0.14349476021017807	-0.4241282604081444	-0.009689167789560754	-0.07443402044624321	0.3150217814034785	0.4518937173955046	0.1325071074488557	0.20643750042563236	0.061572997783053876	0.1787326330914584	0.09974449798887414	0.12707772988097207	0.5251024643295011	-0.12766180672415856	-0.046709357684615274	0.007286251967809468	-0.22953342445478958	-0.2890906104665955	0.1390062372213249	0.12390054664283971	0.008938894253713478	-0.16196631169872938	0.15608648125228777	0.35339950643567813	0.312128558174965	-0.5697807591082904	-0.05917628426146198	-0.4294436267682322	-0.20859369509311948	0.08686147500486589	0.10663903225566215	0.10540584478564324	0.04362311049738261	-0.039735779157312384	-0.2120426466267328	-0.03420393438039823	-0.2359090295616794	-0.0020538339988851206	0.3885798589975922	0.1578272816232161	0.031862810927409314	-0.1763634566968386	0.04804588976224606	-0.06177944513060979	0.16449840334853644	-0.018287585442994105	-0.10714324891237917	-0.21743041790227524	0.26672937556288756	0.10264055219891181	0.2134027713826739	0.40656120554631736	-0.00391635860074051	-0.2838858361738963	-0.14648405338269127	-0.09869031481761785	-0.19471511128465802	0.36968889725810766	-0.051436681718819884	-0.3415177325584763	-0.3889660486799088	0.36166992629248756	0.10082732350411248	0.18347408441373875	0.48499817547802937	-4.326520955433563E-4	0.16551645363223186	-0.0029543335586117293	0.26414741591150775
-0.019103417769719657	0.3032374827798941	0.06821912533578112	-0.033567550043234994	0.018943408292003923	0.24639784026827946	0.04219430295171068	-0.003408032979385358	-0.29031531107510034	0.032759593990498395	0.46658004946847353	-0.022333038660821126	-0.352816116180244	-0.20706392886977423	-0.015800036159644273	-0.19787858236958472	-0.03637996578206785	-0.004998984262101551	-0.2179815385286076	-0.2787719034169847	0.08874603868826503	-0.02955901028619239	0.10667535332485611	0.2527251836468007	0.2159428855044525	0.06874645789458084	0.009835477535874184	0.2867717682489388	-0.226755988910727	-0.10241643510498036	-0.46857858289927423	-0.24676922314303612	-0.007252258076784856	0.09981810801121373	0.07641927643378568	-0.10838099122093404	-0.14934570282965653	0.4844150286518061	0.2514611834307743	0.01384706623809273	-0.05945563973735456	0.03590083094467389	-0.2590231642049903	-0.02964582535375645	-0.020463396854835957	0.1574367804252927	0.17012709153522146	0.1238789056708039	-0.19407037705619418	0.03978388493677642	0.48077321815506835	-0.041922206057960605	-0.2866832595537146	-0.0831329375884564	-0.24001287767653928	0.08442308564845952	-0.30818961970675823	-0.018187785832161248	-0.2702037343800077	-0.007274281769716245	-0.01574417215974503	0.4403737662925472	0.47134948291265305	-0.05296189429508447	0.20824707755482472	-0.25947058826493274	0.23100274068074764	0.020136573799257262	-0.34359904156399795	-0.28628186614148127	-0.3721497685109881	0.08080520987494032	0.040370470614184424	0.24916348672672864	0.39042572089215494	-0.1918330241721103	-0.004873111519620204	0.22283025038171936	-0.3590422763120295	-0.4123479866981392	-0.20670700687504753	0.017045233423519664	-0.3137778573800832	0.5049031769450792	0.06865607388321918	0.2966053936308505	0.15566694823247565	-0.038414590166412285	0.21715798744533008	-0.18216480263059232	-0.07052139737560412	-0.15802786111440018	-0.09507636792915783	0.13070430495915716	0.1924518607065459	0.3687787609038056	-0.12849778837207473	0.282623049396206	0.14118417075462036	-0.0742498115621522
0.33832198339132546	0.03510960099157013	-0.003753854312971484	-0.3255592207812276	-0.31860657774503937	-0.06230248102455791	-0.21883802954493087	-0.2200348566335832	-0.2924449086645199	-0.13761400629156154	-0.25089293249117345	0.49972848837915446	0.023565656112928022	0.08601624836049172	0.10526007397919128	-0.3491746526813924	-0.27643573363379537	-0.08243008629236906	-0.02789950151535956	0.024860748538921024	-0.3323519553875229	-0.08478998294995033	-0.07498420272433842	-0.3280662361908557	0.18519579975171482	0.3034797724130357	0.30775936597652104	0.11061106117403212	-0.23412140888523753	0.5421079407878177	0.12822901167725387	0.008320048221237842	0.06884341385879938	0.49845128899255003	-0.26971303070350666	0.16117494160229803	-0.05084437024491694	0.032253777630599674	-0.19392070351826643	0.07874409646787466	0.6943844186336726	-0.13063235694274017	-0.43428653922069993	-0.5545085653630364	0.44908435889981424	0.39683175236264767	0.18280046017094986	-0.12380986920851687	-0.0035878131348308626	-0.015929174487466655	0.047300248713092935	-0.4415271195985825	-0.044365076573437016	0.2746939847026543	0.3687859640673093	-0.02359131379325336	-0.5039418894705364	0.07382840504251523	0.1733283804702566	0.0254256854639084	0.20553830867104494	-0.5340410849058443	-0.21281136100741918	-0.17647111502667853	-0.19297868534966475	-0.13553752759107243	0.22345547509515948	-0.1251078356551128	0.30238279876196966	0.14058857399870317	-0.11676763887635341	0.22944412634020558	0.24007226785551777	-0.012093969532438915	-0.34862840529800665	-0.533550964638064	-0.06638982812906694	-0.008726064650720657	-0.1414662700333514	0.6501507874953805	-0.053470281725839584	-0.10603596453041078	0.626856495278985	0.004940443230298105	-0.290296706732275	0.16654009668165126	-0.2106534592586853	0.09333726223537071	-0.5399362500937169	-0.0985459123975627	0.3719202617386652	0.44337284221950973	-0.2691743029422779	0.23484275643885683	-0.20618796653645385	0.17274241851905114	-0.08920063778700872	-0.30108329672517525	-0.10624340484981389	-0.050651385116716026
-0.19684462964045424	-0.5252165704839401	-0.5305824957348307	-0.061443919226436855	0.09392971357784358	0.013330270624938828	-0.1858596313645476	-0.1261408314259033	0.08899128499341845	-0.2807716598896178	-0.2097998006854397	0.41272643814190557	0.1318910454215237	0.17350128448284577	0.06404745540942516	0.1298032849792792	0.39709413192916615	-0.1432583267330396	-0.01542849892186605	0.3033842629638906	0.0012760159757374476	-0.4745675656595272	0.046159855729379286	0.35674098229015383	-0.1579337849356302	0.24659706455684824	0.19852321190619918	0.17029089907102823	-0.11234881472075928	0.23635963968841284	-0.032843083461405055	0.2481596991205494	0.36017452222312957	0.0490308995581737	-0.05215093484855332	0.14287189402683964	-0.09129132538163968	-0.2663761885657053	0.17434310189750177	0.043732366741819996	0.03575702619419451	0.27956298252055783	-0.37834477893534685	-0.5847580167118516	-0.011878607845291569	0.20622772648741433	-0.3381377706906023	0.14343361035389	0.20465349379997483	-0.363712636935725	0.09303947057038643	0.07808551785763748	-0.39088427592843794	0.03918051599690197	0.28861840244207854	0.05116950604806197	-0.18633898531080423	0.06232432914143852	-0.4789809441357024	0.11018922820626527	-0.1978397069995439	-0.19433134606796174	0.04091869526933991	-0.17578959261698776	-0.610843711639363	-0.01998686313105767	0.23039338734244527	0.14918898366549682	0.037890469700528076	-0.010131919254259401	-0.009845377561313694	-0.28357207484454955	-0.17934329540517574	-0.07790702201787832	-0.28186073813058293	-0.24698313203298952	0.2510771916840456	-0.34061245761951653	0.03411299219276833	-0.01994105260726384	-0.4395616655632351	0.19671045066863532	0.008007386666014233	0.1249017524779229	-0.15896931360610048	0.13663332480560875	0.18820709906243663	-0.10736629495512334	0.4403900936274642	-0.2416902527018158	-0.08556423722403685	0.07942397010207031	-0.03751945282035881	-0.3017525574983593	0.09819965559212691	0.15665335730522364	-0.1860108701373719	-0.08987632809134631	-0.10691251820938133	-0.2735039239731827
0.13997608163410172	0.04195972903391551	0.061955305784881246	-0.06080353181256037	0.03289744080570418	0.32965809828627846	-0.334204872141334	0.019294651844769185	-0.10182960963925042	0.01499206653555041	0.07214840146278786	0.1698444934299638	0.04028245732253501	-0.28961718121023683	0.04670925225853042	0.3341958224574796	0.06053780099728734	-0.08508973548783105	0.14024018393025522	-0.4103437709356761	0.3782303609266581	0.18592804227687215	0.2690767672432278	0.027175807305943798	-0.4520715075970725	-0.010693349986674056	-0.36691161269329786	0.09654606962224863	0.27271325720270245	0.06114921354253007	-0.030315937892650673	0.005456560730359523	0.13685276890395473	0.08532215757747431	-0.14086975312025432	0.10396166138485623	0.25156901368616225	-0.14472120051839596	0.05126595111446091	0.4129247852961037	0.538805616750698	-0.31800362653893	-0.0835628481861219	-0.2432343228882476	0.1537987732227803	0.48575229774880196	-0.19716512819342252	-0.05366015439463655	-0.5139818954710955	-0.2931336785713093	0.2096851531163753	0.026070084043988997	-0.14138766514260537	-0.44296776250070147	0.2488306955481048	-0.09859399347934614	-0.31955322658083146	0.1851756963905357	-0.37590663361360804	-0.08664401895638706	-0.0988408794128848	-0.598626386563318	-0.09341786363793454	-0.0795188448891878	-0.021943127857642804	0.3014529782468909	0.058542261516974836	0.10163554651403722	-0.00567781905933781	0.15813168570826497	-0.16036714572291128	-0.18438697332656206	-0.1552156905903451	0.1254969472878144	-0.03958267375798607	0.1590161185840825	-0.21494157777148143	0.1205238457380799	0.15948085897597267	0.39845305369263156	-0.4595958508810627	-0.12433030035900883	-0.3849380596432261	-0.18122263265488586	-0.056368790519539476	-0.31416100803123004	0.3299311860588972	-0.15182411719897262	-0.18241606602233312	-0.28606291561587893	0.06781068187593314	-0.002327401107833372	-0.26099420202214296	-0.297714466475218	-0.16111055818327216	-0.029929026667976165	0.0050628984815510114	0.1551320097592412	-0.06051752934554679	-0.03577602102179038
0.07540239818133539	-0.06564287906947552	0.279400581365132	-0.25626388038258985	0.5945659946254981	-0.1714668544183221	0.07138121600503905	-0.20762292447012548	-0.35361448894471986	0.3392467129817893	0.08160337708921823	-0.17109566774349821	-0.22312815199023422	0.4444578462334766	0.10223305223521559	-0.04164639517485051	-0.3138353734723204	-0.19495634164738676	-0.019013743849518094	-0.15799446617360643	0.19880164133894268	-0.013335413856068052	0.31488983429463896	0.21549178432744912	0.045160163615402926	-0.14278959887389206	-0.14084772135424883	0.18075744266742994	-0.11423356376735351	0.09562086272424458	-0.25451419705702755	-0.03906078768386447	0.025659611139777962	-0.2149037300530608	-0.3846021049797982	0.26338454559804525	-0.5352849242725439	-0.3446424796785394	-0.08726187289026124	0.11272421532339301	-0.2852601511900844	0.5242179527339352	0.127441574901869	4.57791616501624E-4	-0.04438920431785913	-0.20075705490204496	0.2317663373196503	-0.11775235130010205	0.1915118899851252	-0.14355880238046181	0.20161663298771115	0.12824853732634228	-0.27158487478200793	-0.4243572158746791	-0.6754599057331531	0.24871597806426202	0.1975582427189013	0.1614741836888479	-0.3573794565902214	0.49807530417674306	-0.34576538056390554	0.09582703964331771	0.054360525938240124	-0.23165920036116752	0.09876130444894612	0.06618874387734158	-0.28404771047393973	-0.250167762569516	-0.07761463069520058	-0.4053015754431173	0.00823409415861321	-0.38173335338892367	-0.29494658685704567	0.38675654091441025	-0.2067224732316649	-0.23279166610201846	0.2926551140947167	0.6057437099539041	-0.06955564531505526	-0.12531944225065508	-0.05536067581893288	-0.3356777041680126	-0.1766407556293239	-0.23253396339126206	-0.1776034547895535	0.08648763412184793	-0.31534917902435006	-0.08556764969997087	-0.1902331931358326	-0.08310311355011239	0.19742510349368209	0.20747823317190797	0.20365506998659486	-0.23350191133835302	-0.2720176727340973	0.023185276872586123	-0.05509703776222958	-0.2662577847351711	0.15404722443933908	-0.676165860056692
-0.03151056926120075	-0.10811258644166119	0.05390496980008585	0.38382275439557756	0.46126878098548385	-0.07255873826256674	0.0015717006869231565	-0.0325183200138349	-0.20389541540200803	-0.19328552468082286	0.20262363347255524	0.47762375925856654	0.1903616124332498	-0.008286110131093339	-0.17932315461512793	0.012183175585767758	-0.3309813518423586	-0.38154057436093153	0.20016530182110104	0.12276572774113018	-0.6196626009319792	0.20232689003984716	0.2287741964018634	0.14734054476839456	-0.24867839378250553	-0.16771123051796757	0.24344551668338535	-0.11556978025285224	-0.5044964529344313	-0.03533753718662085	0.11190273155446367	-0.25568119824444857	-0.042261570981423975	0.2009699186508186	0.18813645865856604	-0.04952583061590013	0.10468702762376568	-0.3363546145847209	0.0537940845734596	0.03151387953244743	0.2413681853802642	-0.01862477494182338	-0.022718300193471826	-0.3861783610326922	-0.13082492657586894	0.020966200036874952	0.27776460057857794	-0.5145157534056247	-0.026043509622564645	-0.21539035277575638	-0.3466788632729473	0.03411322808318135	0.3116107562361425	0.1169431933074008	0.36621043088660976	0.036310843810648114	0.26890066658242706	-0.4007548833717406	0.0740915117185175	-0.41822839572579484	0.40229933137622104	-0.012149434045677475	0.017652125696804456	-0.07500682560644586	0.033196795306898376	-0.2011560167836379	0.01234785876190937	-0.05663816827098632	-0.054087594724090915	0.07879057605912003	-0.10039726295791623	0.018468993525990372	-0.6685006030570578	-0.3647470725966057	-0.15489755469376604	-0.22470874265367455	-0.35656729416502936	0.04422907245785447	0.0345640752699582	0.2670897988759791	0.36908308362288594	0.17019982557319685	0.07490976321113559	0.17418826256496941	0.2417885967280978	0.3744118726492717	-0.3547034179348667	-0.5080414600123655	-0.02688103867308138	-0.059745581862777127	-0.08825369318727831	-0.0070770656634415955	0.12952144514693295	0.596058698239718	0.23357130318400182	0.1171876672904909	-0.31435127073443986	0.33263071838131725	0.3549696007989307	-0.07042916210151096
0.2535438307376515	0.07122968442819486	-0.04506314175235693	-0.306753573240978	-0.39565655243503967	-0.27876366303312067	-0.2920856210433919	0.5835791506536869	-0.3226706370663177	-0.01440589846109839	-0.20260092103914398	-0.14732344588410012	-0.12820102257035104	-0.38387644478440847	-0.3022787494124882	0.02794346288963379	0.21640408573400308	-0.1418029525411021	0.14160023707076086	-0.3944119081617717	0.06821963491911998	-0.2328460876906361	0.07802748686225931	-0.07267334646800955	0.05827365346009045	-0.13053090539057394	0.24053162345192924	0.8366362395395279	-0.09211352721447483	0.21852437944702563	0.1048195446377219	-0.33000203782958487	-0.14847165971064538	0.2454721167805256	0.28843619629332595	0.09756709932473243	-0.14779102789601856	-0.03562204977012894	0.0864901981113888	-0.07235347040351367	-0.2265019666542588	0.24802313437617457	0.13447665798111488	0.266012913074323	-0.4436940943179556	-0.19757233313611788	-0.3117754712804001	-0.17189643489981973	0.37088351610904624	-0.39378319951373814	-0.05925033779644139	-0.06668260681901353	-0.36791668571688413	0.057188338416694996	0.18604438878787893	-0.3857749595678115	-0.24283323154968775	-0.09747140881468684	-0.14844837057909632	-0.21066396393845202	-0.17851925904965726	-0.24421513707862014	-0.27913085833872797	-0.04854946212307894	-0.036508972285021195	0.25820074879349264	-0.08016349422079888	0.31423760499727726	-0.11294357411529597	-0.27725484078835644	0.11464370118940266	-0.452680546083086	0.23604527012705193	0.4196433459929218	0.3859001391536818	-0.4602606982888927	0.09899484070835929	0.08175670517695476	0.08435108118190456	-0.3418988938956828	-0.41651895601615285	-0.14912909443309083	-0.014935958464392076	-0.26610772680104394	0.14284954788983603	0.17715021467331596	0.3293197322256129	-0.5028986946502931	0.02527858977548425	-0.057416138530885945	0.009588617528621227	0.16982576358870596	0.03439480527791337	-0.02519506154253667	0.3803987959944019	0.6498391705275987	0.6411223127198825	0.6035835967807985	0.18593355333729428	0.0512678952079651
-0.20210247009763121	-0.47224437882968984	0.47398894423187804	-0.2824761051147707	-0.09288120174627593	0.4464266744065593	0.012469712886504091	-0.38578670818218813	-0.23256790145164075	-0.3210482475963931	0.33494720989662796	-0.013820322016824912	-0.38676144909012133	-0.2669149424155497	0.10069726144071617	-0.05554847459845662	-0.042883815166152396	-0.6527412616747477	-0.12359842430922735	-0.3529344712578966	0.030764619818601627	0.16103341597104714	0.2235747971183499	-0.37577323530020357	-0.002973980367430733	-0.2637530567080195	0.08711076464495185	-0.36244966215961805	0.18350517909412742	-0.21124687479394266	-0.0448965902454975	0.14166111148890867	0.2508695286032497	-0.2409783036503716	0.22786933768930376	0.34943314110246915	-0.18182008182452597	0.37587306092898637	-0.13232862248929642	0.0907356316587628	0.01272425317098083	-0.2995052401546232	0.0998082709616158	-0.34018968134018446	0.405972655830164	-0.16785962630591944	0.3379552267165717	0.06062830384698405	0.18493005961972012	-0.34299664484890946	-0.3874781810334519	-0.5254847654369286	0.24941988008745172	-0.11128911328715449	0.07292608075668144	0.398541782205936	-0.3095427813304663	0.34016628010171984	-0.38097627569445786	-0.18596382601664252	-0.009630839245010193	0.16997072642454034	-0.8674036853381294	-0.2795395221432693	0.2914864227519366	-0.2825109741878145	0.06165957040404205	0.08306529189632382	-0.48161013581979095	0.19240549095299553	0.48987802600762725	0.04402746108726075	0.026001646536846838	0.1774550520687158	-0.24380165972069492	-0.5290393243810817	-0.0038222054398382023	-0.3195972216279221	0.37619763880467527	-0.1660147272599419	-0.015867174155591607	0.08414439162093368	-0.22895369273836438	-0.054281244959764545	-0.11578170429997665	0.11134007036856731	-0.20748501930095506	-0.3020440304032997	0.15185743541267163	0.19686679937360615	-0.45455961919979576	-0.0566510874831242	0.07671140066871215	-0.01769958615141023	0.5431932540810113	-0.024838545014704897	-0.1642048662127455	0.2506954814075539	-0.15314712364611668	-0.6895331562058383
0.25600401062792655	-0.14375555920753771	-0.3275331625900123	-0.022796723972542503	-0.31163653138544734	-0.01254832193373431	0.07958187262338164	-0.004301477380925522	-0.2886551937486696	-0.13244993518871226	0.262878632971938	0.3373791361921672	-0.011573397101845805	-0.5134776730216892	0.10832076570287054	0.3458323778682598	0.23483117605923973	0.14473281932143456	0.029400262385268956	0.4083502675236419	0.07748345366971061	-0.3019799382767601	-0.20882557668061802	0.1689038867610043	0.3751963729208309	-0.05537453828983479	-0.005726377881381911	0.005277241680828246	-0.05754348281345553	0.2825246319933224	0.2486540013795114	-0.06985945925870031	-0.0378671819362211	0.3960538984456617	0.1523588117617081	0.3609565021993343	-0.05454338437200876	0.3483721515720755	-0.3041096413178337	0.43958730469154594	0.15515200892602513	0.03334843116757946	-0.09157054362838846	-0.4065592312999373	0.05016390055359007	0.16361380595327848	-0.1798764199610096	0.15606010915083815	0.5175696800833204	-0.12068775731854972	-0.11385728709411014	-0.2717579581768734	-0.05760908052315747	-0.051147898183308435	-0.4697340611369176	-0.23618311594315008	0.1932310309388104	0.32282550165733015	0.20490849222656493	0.05488537407378991	-0.19710216617198317	0.3688799757349374	-0.26977899195796406	-0.03218791118000709	-0.23907659159170289	0.16386461392746524	0.5404812224952059	0.21901031240871657	0.0157951671781025	0.014381592980528747	-0.07589846067833231	0.017194177554982013	-0.44846382016640035	0.2169049891511096	0.018763225058920502	-0.24937340691978024	-0.2159775962913679	0.25617184265516013	-0.3145565311056107	-0.3019637243921734	0.15188615373679515	0.15885773898280384	-0.4181404582198426	-0.0600040968233683	0.2563370650024791	0.2232895981704116	0.08088278877120421	-0.3383206575310187	0.33162691820983425	0.09498834652147768	-0.22408252306311718	0.1941436948105616	0.025333426953448573	-0.018474376732524767	-0.24074528083305305	0.06757761114441391	0.07136920925761848	-0.12574863258334112	-0.08838163429706666	0.10404297612885915
0.010786862836825764	-0.24466347572904434	0.22440625471057946	0.13300422305637094	0.07942823658954248	0.20235410735000042	-0.19970636325193777	0.12027499162266199	0.14282125808757656	-0.14619505871363705	-0.15078447928856623	0.2945760700018152	0.06339438439647865	-0.2519303146641844	-0.059864219599652574	-0.24917358843641507	-0.10798292691491856	-0.4356104856853318	0.06461601491114931	0.1095190089601335	-0.4494069388048335	0.02469207888194415	0.07203199336583826	-0.05242342010357976	-0.06256785100536105	-0.07741947328118298	0.21359194934223896	-0.2246071269898892	0.27072546626089017	-0.060931130180936606	0.03502188141948386	-0.30366284269290783	-0.03254216384454864	-0.33352658497735915	-0.07249923866479929	-0.10523443242382943	-0.10221804672163488	0.310524430000155	-0.027337044499585014	0.2756973541616292	-0.1896973070379592	0.4615295737088609	0.04200624427286765	-0.14896440876585382	0.3311569753064112	0.0757012772392779	-0.5070286226193181	0.11368760971502131	-0.04457119461658201	-0.07657008838069795	0.2506793862409282	0.12879215548117792	-0.16789146872734717	-0.16917395016677111	0.13007391700873355	0.04982742385725064	-0.04175818546966739	-0.10293624133520178	0.05531291256260461	0.05282584537748325	-0.10775128833922404	0.2918907776668392	-0.4163769689902072	0.2598032463804864	0.0808231625437826	-0.03229929592536649	-0.6193699063424101	0.04418098014366303	-0.3663853770544701	0.2211323587403755	-0.24368351213484657	-0.09836848318719005	-0.6141077423071483	-0.23182081011020347	-0.22669350790832132	0.3798420866657298	-0.4389954226861213	0.12709143664342562	0.06623506804244754	-0.214816952798224	-0.03138466831738231	0.054775948998743246	0.021698721090775988	-0.14865276312413073	-0.06545744824780257	0.15072707087272544	-0.327557486835142	0.14348305833618982	0.16301124263274294	0.16376859715045902	0.4371547554104804	-0.2105758663364019	-0.1775663003748428	0.04577763711230315	-0.1602144056555162	-0.05157273366941648	0.0823087388050197	-0.03868504856946629	-0.15655331241709544	-0.09467932205775625
0.5755631913387201	0.02459317298816344	-0.35890176054311124	0.009924803453066075	0.2950387509244871	0.06578569807808578	0.3383452666743489	-0.24308786400186	0.2764672312767434	-0.06531081434736655	0.08839028477683071	0.08544069884423207	0.0021661122094875068	0.1551973692084885	0.31259110618659697	-0.18720675383798066	-0.26505522346963845	-0.016085417742706786	0.3115645081280642	-0.05441963138831294	0.41381898316446253	0.2760553149698705	-0.5566053025668933	-0.03482909995769858	0.03558091766131083	-0.010920305912455127	0.1855321979312573	-0.22564136914475316	-0.20295675489154363	0.08093969488870907	0.19496287302795512	-0.11596900926665583	-0.47335432652242665	0.019380395575176283	-0.003905443359095779	-0.03608105809462581	-0.1918775194769395	-0.06077705194009212	0.5531453295251233	0.20863083650749886	-0.34406354825105645	0.5910980314961096	0.27616787094069933	0.03939877863103042	-0.20032335028983397	-0.16359613175309265	-0.31405551067993764	-0.1065803471741999	0.13874660055961266	0.30837701622518604	-0.13862122046307046	-0.0064833508727571414	0.07149829774622243	0.2691801371170973	-0.17419064213291208	0.24709618934486732	0.04629974304828678	-0.2658504656398084	0.07672412663437822	0.17504643654706478	-0.2167730998599727	-0.2140285452302359	-0.17269077173987446	0.13819583141977954	0.07811642614371206	0.7638327997148661	0.21241385698614187	-0.11748129734486959	0.07541127717980625	-0.202920677389374	-0.09285725892713173	0.3019958336778011	0.07716794516490721	-0.32520167557667157	0.1937815656272882	0.3387290765314004	0.09811473621766686	-0.013436583341806146	-0.15411886936125402	0.0563873620297686	0.17942880457354088	0.03583153477853036	-0.11879095851625993	-0.14848453074194298	0.24856602471551825	-0.32613536618934863	-0.26481145943824186	-0.16873330953640314	-0.556734204680099	0.17255399189612247	0.30589500704430045	-0.08127201482566232	0.1855947710764504	0.08953170178601251	-0.07418476589037529	-0.42596322466250947	-0.35057504178984417	-0.17133505135260219	-0.4185954657969495	0.24667119759738915
-0.21068163361880513	-0.08085756695200037	0.4009667824738399	0.09270781444983432	0.13886025190641293	0.38573049676426424	-0.0809354381042386	-0.21829717960321793	0.2824406126445593	-0.13401611390341922	-0.1247881205313476	-0.060002333114681075	-0.12713441297583664	0.1854822133885745	-0.28937339860496375	-0.3638813523673688	-0.021848784932829355	-0.39458441497355207	-0.03951013285968799	0.09772876085157747	0.04131681889931689	-0.44928337101036764	-0.013687935023960415	-0.22661785254904235	0.026802712923459347	-0.1106990952565803	-0.07207487497572107	0.18823250036604683	0.15424289398733776	0.09489932986492645	0.052579302157844926	-0.00808925938524803	-0.3305182891861634	0.2803528253989831	-0.2840590722279347	0.20335029029620463	-0.25545500581192676	0.387763802241144	9.712360073911145E-4	0.18305003142634196	-0.13994541191334	-0.19923627906844368	-0.2583031333890289	0.006928204765940891	0.16524396732737445	-0.2791953591361572	-0.12806650340285744	-0.05703509822476168	0.18333235742488252	-0.0958062524931756	-0.029162822119083262	0.2526579840200574	0.15908116402901604	-0.05900747608965194	-0.028869250811612235	-0.4321864830579477	-0.14512252972627138	-0.09963561551342814	-0.18059402749041303	0.24992417914620457	-0.36860009374053687	0.05672911886109561	0.12659829105927994	0.14087767258236905	0.344574890800085	-0.023595126756318887	-0.24051559071720102	-0.00928243265609725	0.1996420968391679	0.2788364151922053	-0.20847862506498951	-0.42951040996930545	-0.37349202207166887	-0.09353617605677982	0.03498414638187058	-0.014558985990960477	0.18018360602966682	-0.13014547271659957	-0.09346848253818113	-0.039008497979106	-0.09051637694676422	-0.04729038556681442	0.32550349341118906	0.002337515097718611	-0.23407150128321857	0.5691063892288394	0.1558990868748786	-0.5749195446953348	-0.21214154694973428	0.14241968668024754	0.22292452412760602	-0.07357116649569938	0.32136824424594335	-0.48530960646887383	0.08643610541415044	0.12660951432161938	-0.17055410960445516	0.1381189142510096	-0.04167933852295384	0.40307694231774954
-0.6613069364411819	-0.08403402881524118	0.6840428702561978	-0.4692964132893806	-0.34068183305102845	0.09788811367080902	0.40619338127315074	0.13466659512432796	-0.36137370435630106	-0.07156520117257448	0.24760492731008446	-0.6419494130734426	0.5799665543527487	-0.15570700139565527	-0.23132253897763014	-0.09721031311041539	-0.20661343230901352	0.12759652572496444	0.23486267783442974	-0.08542157211608727	-0.02308008617125498	-0.12785608031961387	-0.04969278396251988	-0.2973695421393051	-0.016668780221500614	-0.12196099186079354	0.14430779497292165	-0.09233457534318762	-0.2768543205107815	0.9316854489114419	-0.12875061190001005	0.2661669103903254	-0.007209934381664485	-0.17499531556319167	-0.1351474451904438	-0.18075455701488818	0.6969434880088047	-0.2777750712540395	-0.23844992775464413	-0.11627344862609115	0.022785841707289894	-0.07228992076220035	0.1002437977522301	-0.302278079894915	0.07496869383772578	0.06193983325804262	-0.045851851311203104	0.2065247536210434	-0.39781173079555715	-0.003707615885737771	-0.24217389320822524	-0.3435645649229344	-0.19899579889481545	-0.11832205864037963	-0.006740892340493614	0.2342314978151359	0.13829364298431823	-0.19664175407184734	-0.3856787000030114	-0.12731624712100703	0.0953226479712018	0.3154499396225694	-0.11052715496725508	-0.11197491743245759	0.11931807156673964	0.12415277711108334	-0.06634223476146525	-0.2631347185053753	0.310635411639417	0.17117009090667704	0.1945953073373555	-0.12213525685247847	-0.3171092449409774	-0.2078463683133097	0.23651870658351518	0.23922692295499473	0.17916019413905732	-0.4221744756704084	-0.2027260811727048	-0.06688207012762032	-0.2523397024368959	-0.18800599771108487	-0.17379455583717635	-0.07981313552498318	-0.10031758328213392	-0.005684575855015991	-0.4546697853096779	0.06267418727238126	0.156823985132082	0.1994852170432938	0.24827173633526753	-0.2034558154740263	0.28479752902803823	-0.5763535776308016	-0.13864863887606757	-0.05874895322827971	-0.10246640735497115	0.2200269984383772	-0.14367676123184725	-0.01860771044302819
-0.4066162198414695	-0.13119716299983994	-0.11109127050274147	0.21800222066670413	0.11706328895029022	-0.21898007089881838	0.009699937400184318	-0.07346103348490418	-0.1564217196979833	0.17588112686958451	-0.14378140222452437	-0.00691264922336491	0.224179049771106	-0.062458632640594446	0.053150369827449924	-0.2559984699298348	0.17350841926062582	-0.24169797964596096	-0.013963666257476248	0.020485037335283562	-0.11803776680723678	-0.19766231373245655	0.04572351422713641	0.17050873615576537	0.11382574607772909	0.4328560459325282	-0.17432695138353183	0.17269171801632335	0.30998058802786926	0.005502845425452119	0.28029325251277015	-0.054807024153466444	-0.20551403275639912	-0.5618885587407032	-0.05684277917841966	-0.1894617716800618	0.4187496810832908	0.1250396193681176	-0.11476539572818076	-0.06344950993972873	-0.31960352509608725	0.11549275626282986	-0.18460055528767466	0.3636123084399602	0.2773820972242324	-0.2498521904040951	0.015567364498882616	0.015371926750903802	-0.1258353097551092	0.21542205440795956	0.32650648500831	-0.3201721714037879	-0.04086939104397064	0.0021263635763495306	0.01386818203195532	0.3378950857856901	-0.24090104409012905	-0.07697851880792785	-0.3571999423594741	0.33392384850572016	-0.19393321696255972	-0.06009797908807399	0.04628471307634328	-0.06851689884305252	0.07596644875593428	0.3351570825746108	-0.5284231116778735	0.2018587689637921	-0.05919439359417064	0.05648893619644945	-0.10009137517287178	-0.14794980413247077	0.449769909947079	0.20721204608382066	0.03918524861367743	0.2854578334702883	-0.15380561771105472	0.21584924005929831	-0.03632439987353154	-0.3076051905893006	-0.3293774028752595	0.08867046338613117	-0.21142429860099002	-0.07644985226019183	0.07826340433618202	-0.30439587669300155	0.11220263617566162	-0.3981858958032774	-0.171552795708652	-0.11310111818606541	0.11577775928864266	-0.17491391904643958	0.019913244013103477	-0.1476378940055889	-0.07950119524000578	-0.251069520026414	-0.032828556526402354	-0.030854381094713456	0.1699548646113213	0.16724942232344123
0.33112705503351314	-0.07984754630854098	0.5414168676407797	-0.5353679033901022	-0.16047580184770147	0.0066528574758615506	-0.23080354235127662	-0.08599352550935904	0.3497731500101603	0.5842673436543725	0.05083465751498552	-0.21770118788538861	-0.5309359715906083	0.06285715881446903	-0.00413572385460877	-0.2015949419342032	-0.12862220641770675	-0.3658342788766544	0.11088664534315014	-0.0598088625238997	0.22660741703849105	0.2040231361588951	-0.7870305717031816	-0.15163750671059084	0.14164133059324258	0.01654306846052895	-0.027157312341303506	0.2935880635885484	-0.1578060737472337	-0.25934796115844383	-0.03011365590015627	0.4866156150709649	0.00457680110721442	0.2842915575094177	0.03686140698120251	0.00810078780836896	0.2952344422959642	-0.29450633659923664	0.5726615911775962	-0.574304426482041	-0.4145309889987651	-0.11345139056506	-0.517529322970475	-0.5267883617080759	-0.19709650374481058	0.07243991876118824	0.23451754443754724	-0.3656668994811269	-0.10001937560374902	0.23797479539697325	-0.021119501578127493	-0.29651053294323	0.016631400681299646	-0.20648386613989497	-0.145031559822855	0.022532686008488925	0.3325905973602123	-0.1325696965367627	0.22130133365615276	0.11254087272554124	0.03219939716825232	0.07059768415257595	-0.37324598088476363	0.14006551945973664	0.17428733917802514	-0.0028574610046395153	-0.19936822045512342	0.21636221406176964	-0.17054281780063	-0.3881150772612946	0.20545922556782262	0.31457153773411817	0.28954077265363726	-0.24590415088711495	0.04360331411895366	-0.10821497952436064	0.23491009563873258	0.46374326329762117	-0.19615165268801427	0.3055873215946515	0.16879011718939402	-0.02413320644248788	-0.4664119128484829	-0.4705683636832096	-0.492270163280467	-0.10703248187026887	-0.009687608439349371	-0.15211269661907323	-0.08624968324217494	-0.13358624250249043	-0.1316672602962779	-0.24336238907621874	-0.3296649123895584	0.23989487557796432	0.10832740376874787	0.4946232957527118	0.14782457428916315	0.2427206165145185	0.2684235245962335	0.1552889300125506
0.1454299957094349	0.18515273442567512	0.1731388662329177	0.09157258390260371	-0.12816822004608294	0.026063661110776	0.5125193311817906	0.026643190379851737	0.28816185000666805	-0.15635578055745006	0.2313514522058979	-0.4490079521743244	-0.04601514282164499	0.22509792909743634	0.0335417908797053	0.021791395437874738	0.423988058584825	0.10973870652916767	-0.05406225383023487	0.08237880462260838	-0.014289743116915528	-0.02770699146750004	0.0605484675298235	0.20956762337671417	0.3262543225849279	-0.10522097733431038	0.060534577110062646	0.23876107238232458	-0.3559490958677479	0.021760530345312588	0.029034172556420917	0.23917991866693084	0.26862410508906626	-0.21621251959114754	-0.213652526169283	-0.36484741660320424	-0.030926855194965176	0.02824003858339526	-0.050768504972663026	-0.17985979460697255	-0.0893024555180043	0.28832475587802625	-0.2188415186344782	-0.25872296278107365	0.05281535459795916	0.5428263904993343	-0.30152269418023886	-0.16302734484087877	-0.40846033318756075	0.06483862883255324	0.2059428703869714	-0.3318306543019326	0.010112221763100112	-0.09960566402623253	0.030970224276017887	0.142095421816003	-0.2005958266016614	-0.26069749550944843	-0.12767517386212177	-0.22960599700624273	-0.12835337391405996	-0.02894640400279014	-0.16936301668750206	0.5482137501142693	0.06894365604668287	0.14477626333739912	0.2475591626147635	-0.24114919195427736	-0.3886337343028734	0.29748137215403697	0.20539192816922175	-0.026968918041143906	-0.03507134413543269	-0.15396245124524	-0.20765587238340785	0.17627467411949194	-0.362773506864133	-0.11448709735108295	0.27055111571584434	0.07009438316639918	0.1613484278634022	-0.033142338997041464	0.19334739963983133	0.09500851346736428	-0.27397206015031594	-0.10571377935699262	0.24210224152445073	-0.10331552504147964	-0.3409283119180374	-0.4462416332846164	0.035128856639896275	0.07605564939537525	0.053607857968555966	0.025539376677976122	-0.25414517147272636	0.2188005929924388	0.0523759912550515	0.1467746754875688	0.1036048646726834	0.03466571397718141
